587 9254 1
2 2 2 2 2 2 2 2 2 1 2 1 1 1 2 2 2 1 1 2 2 2 2 2 1 2 2 1 2 1 2 2 2 2 2 2 2 2 2 2 1 1 1 1 1 2 2 2 2 2 2 2 1 1 1 2 1 2 2 1 2 2 2 2 2 2 2 2 2 2 1 2 2 2 2 1 1 1 2 1 1 1 2 1 1 1 2 2 1 1 1 1 1 2 1 1 2 1 2 2 2 2 2 2 2 2 2 2 2 1 2 2 1 2 2 1 2 2 1 1 1 1 1 2 2 2 2 1 1 1 1 2 2 2 1 2 2 2 1 1 1 1 1 1 1 2 1 1 2 1 1 1 1 2 1 2 2 2 1 1 2 2 2 2 2 2 2 2 2 1 2 2 1 1 2 2 2 1 1 2 1 2 1 1 1 1 2 2 1 2 2 2 2 2 1 2 2 2 2 1 1 2 1 1 1 1 1 2 1 1 2 2 2 2 2 1 1 2 2 1 1 2 2 2 2 1 1 1 1 1 1 1 2 2 1 2 1 1 1 2 2 2 2 2 2 1 1 1 2 2 2 2 2 1 2 2 2 2 1 2 1 1 1 2 1 2 2 2 2 1 1 2 1 1 1 1 2 2 1 1 1 2 2 2 2 2 2 2 2 2 1 1 2 2 1 1 2 2 1 1 2 2 1 1 2 1 1 2 1 2 2 2 1 1 1 1 1 1 2 1 1 2 2 1 2 2 1 1 2 1 2 2 2 2 2 2 2 2 1 2 1 1 1 1 2 2 2 2 1 2 1 2 2 2 1 2 2 2 1 1 1 1 1 1 0 0 0 0 0 0 0 0 0 0 0 0 0 0 0 0 0 0 0 0 0 0 0 0 0 0 0 0 0 0 0 0 0 0 0 0 0 0 0 0 0 0 0 0 0 0 0 0 0 0 0 0 0 0 0 0 0 0 0 0 0 0 0 0 0 0 0 0 0 0 0 0 0 0 0 0 0 0 0 0 0 0 0 0 0 0 0 0 0 0 0 0 0 0 0 0 0 0 0 0 0 0 0 0 0 0 0 0 0 0 0 0 0 0 0 0 0 0 0 0 0 0 0 0 0 0 0 0 0 0 0 0 0 0 0 0 0 0 0 0 0 0 0 0 0 0 0 0 0 0 0 0 0 0 0 0 0 0 0 0 0 0 0 0 0 0 0 0 0 0 0 0 0 0 0 0 0 0 0 0 0 0 0 0 0 0 0 0 0 0 0 0 0 0 0 0 0 0 0 0 0 0 0 0 0 0 0 0 0 0 0 0 0 0 0 0 0 0 0 0 0 0 0
0 236 0
0 237 0
0 280 0
0 284 0
0 312 0
0 313 0
1 2 0
1 49 0
1 222 0
1 223 0
1 224 0
1 322 0
3 241 0
5 286 0
9 13 0
9 29 0
9 89 0
9 112 0
9 168 0
9 219 0
9 377 0
10 46 0
11 32 0
11 84 0
11 229 0
11 274 0
11 340 0
11 396 0
12 29 0
12 38 0
12 53 0
12 56 0
12 84 0
12 89 0
12 93 0
12 97 0
12 111 0
12 121 0
12 138 0
12 177 0
12 184 0
12 219 0
12 227 0
12 229 0
12 256 0
12 274 0
12 275 0
12 294 0
12 316 0
12 327 0
12 340 0
12 351 0
12 355 0
12 364 0
12 366 0
12 374 0
12 396 0
12 409 0
12 423 0
12 428 0
12 432 0
12 434 0
12 444 0
12 454 0
12 456 0
12 461 0
12 476 0
12 497 0
12 566 0
12 581 0
12 585 0
13 9 0
13 26 0
13 29 0
13 53 0
13 84 0
13 85 0
13 89 0
13 112 0
13 125 0
13 146 0
13 177 0
13 351 0
13 354 0
13 374 0
13 377 0
13 473 0
13 583 0
14 52 0
14 72 0
14 161 0
14 259 0
17 18 0
17 43 0
17 70 0
17 112 0
17 113 0
17 138 0
17 160 0
17 177 0
17 178 0
17 212 0
17 294 0
17 340 0
17 570 0
18 17 0
18 32 0
18 43 0
18 46 0
18 52 0
18 53 0
18 70 0
18 71 0
18 84 0
18 156 0
18 168 0
18 177 0
18 255 0
18 290 0
18 351 0
18 358 0
18 377 0
18 473 0
18 583 0
19 289 0
22 158 0
22 311 0
23 57 0
23 58 0
23 156 0
23 316 0
23 340 0
23 342 0
24 23 0
24 33 0
24 138 0
24 141 0
24 210 0
24 219 0
24 227 0
24 229 0
24 245 0
24 316 0
24 324 0
24 340 0
24 358 0
24 419 0
24 512 0
25 52 0
25 202 0
25 233 0
25 242 0
27 29 0
27 97 0
27 139 0
27 320 0
27 328 0
27 340 0
27 360 0
27 361 0
27 371 0
27 405 0
27 448 0
27 496 0
28 123 0
29 39 0
29 53 0
29 70 0
29 79 0
29 84 0
29 89 0
29 97 0
29 112 0
29 116 0
29 123 0
29 138 0
29 139 0
29 146 0
29 174 0
29 219 0
29 258 0
29 282 0
29 290 0
29 315 0
29 316 0
29 340 0
29 341 0
29 351 0
29 410 0
29 411 0
29 417 0
29 419 0
29 452 0
29 586 0
30 90 0
31 56 0
31 89 0
31 90 0
31 132 0
31 176 0
31 284 0
31 337 0
32 168 0
32 177 0
32 229 0
32 274 0
32 288 0
32 349 0
33 270 0
34 176 0
35 345 0
36 49 0
36 60 0
36 111 0
36 137 0
36 176 0
36 207 0
36 211 0
36 212 0
36 226 0
36 241 0
36 309 0
36 337 0
36 343 0
36 349 0
38 56 0
39 56 0
40 257 0
40 262 0
40 460 0
41 183 0
41 260 0
41 306 0
41 350 0
41 387 0
42 8 0
42 32 0
42 43 0
42 70 0
42 76 0
42 84 0
42 111 0
42 121 0
42 138 0
42 160 0
42 168 0
42 184 0
42 219 0
42 262 0
42 269 0
42 278 0
42 308 0
42 309 0
42 316 0
42 340 0
42 373 0
42 383 0
42 397 0
42 424 0
42 428 0
42 468 0
42 474 0
42 481 0
42 482 0
42 510 0
43 6 0
43 23 0
43 44 0
43 52 0
43 67 0
43 70 0
43 84 0
43 89 0
43 100 0
43 121 0
43 124 0
43 126 0
43 138 0
43 158 0
43 168 0
43 177 0
43 184 0
43 216 0
43 219 0
43 229 0
43 244 0
43 262 0
43 274 0
43 278 0
43 279 0
43 294 0
43 295 0
43 316 0
43 358 0
43 407 0
43 409 0
43 411 0
43 423 0
43 426 0
43 432 0
43 444 0
43 450 0
43 454 0
43 468 0
43 496 0
43 536 0
43 561 0
43 567 0
43 581 0
44 70 0
44 126 0
44 184 0
44 260 0
44 262 0
44 398 0
44 438 0
47 53 0
47 84 0
47 122 0
47 146 0
47 329 0
48 212 0
49 50 0
49 102 0
49 111 0
49 175 0
49 176 0
49 257 0
49 279 0
49 307 0
50 102 0
50 111 0
50 176 0
50 257 0
50 307 0
52 12 0
52 25 0
52 53 0
52 56 0
52 79 0
52 84 0
52 112 0
52 113 0
52 121 0
52 168 0
52 177 0
52 178 0
52 186 0
52 202 0
52 208 0
52 212 0
52 228 0
52 255 0
52 263 0
52 274 0
52 296 0
52 298 0
52 299 0
52 305 0
52 316 0
52 340 0
52 394 0
52 412 0
52 421 0
52 456 0
52 458 0
52 470 0
52 487 0
52 498 0
52 504 0
52 520 0
52 580 0
53 29 0
53 52 0
53 56 0
53 80 0
53 81 0
53 84 0
53 85 0
53 89 0
53 97 0
53 112 0
53 121 0
53 122 0
53 138 0
53 139 0
53 146 0
53 150 0
53 151 0
53 152 0
53 170 0
53 172 0
53 173 0
53 177 0
53 188 0
53 216 0
53 219 0
53 225 0
53 227 0
53 229 0
53 261 0
53 262 0
53 269 0
53 272 0
53 274 0
53 278 0
53 280 0
53 294 0
53 295 0
53 306 0
53 315 0
53 316 0
53 318 0
53 319 0
53 326 0
53 327 0
53 340 0
53 360 0
53 456 0
54 24 0
54 29 0
54 45 0
54 84 0
54 97 0
54 171 0
54 219 0
54 226 0
54 228 0
54 246 0
54 260 0
54 320 0
54 328 0
54 360 0
54 522 0
55 111 0
56 12 0
56 36 0
56 72 0
56 84 0
56 89 0
56 97 0
56 108 0
56 120 0
56 121 0
56 122 0
56 123 0
56 138 0
56 146 0
56 150 0
56 177 0
56 183 0
56 188 0
56 204 0
56 206 0
56 207 0
56 211 0
56 219 0
56 226 0
56 229 0
56 235 0
56 253 0
56 260 0
56 262 0
56 270 0
56 272 0
56 274 0
56 290 0
56 294 0
56 295 0
56 297 0
56 298 0
56 303 0
56 305 0
56 326 0
56 327 0
56 328 0
56 340 0
56 355 0
56 384 0
56 410 0
56 415 0
56 428 0
56 429 0
56 443 0
56 450 0
56 495 0
56 510 0
56 519 0
56 520 0
56 584 0
59 356 0
59 459 0
60 61 0
60 207 0
63 243 0
63 311 0
63 345 0
70 42 0
70 112 0
70 168 0
70 290 0
70 358 0
70 575 0
72 73 0
72 356 0
75 76 0
75 89 0
75 97 0
75 125 0
75 138 0
75 139 0
75 200 0
75 202 0
75 270 0
75 290 0
75 298 0
75 316 0
75 320 0
75 328 0
75 340 0
75 345 0
75 351 0
75 406 0
75 412 0
75 415 0
75 417 0
75 446 0
75 447 0
75 463 0
75 471 0
75 477 0
75 479 0
75 491 0
75 493 0
75 538 0
76 12 0
76 27 0
76 29 0
76 35 0
76 37 0
76 53 0
76 58 0
76 59 0
76 70 0
76 75 0
76 77 0
76 84 0
76 94 0
76 97 0
76 110 0
76 120 0
76 122 0
76 138 0
76 145 0
76 147 0
76 173 0
76 195 0
76 216 0
76 218 0
76 219 0
76 220 0
76 229 0
76 250 0
76 262 0
76 270 0
76 271 0
76 288 0
76 290 0
76 306 0
76 328 0
76 334 0
76 336 0
76 340 0
76 342 0
76 344 0
76 351 0
76 364 0
76 371 0
76 376 0
76 377 0
76 420 0
76 421 0
76 422 0
76 423 0
76 432 0
76 433 0
76 440 0
76 444 0
76 445 0
76 449 0
76 450 0
76 454 0
76 455 0
76 468 0
76 469 0
76 471 0
76 473 0
76 477 0
76 481 0
76 511 0
76 514 0
76 543 0
76 544 0
76 545 0
76 564 0
76 574 0
76 581 0
76 583 0
77 59 0
77 270 0
77 351 0
77 364 0
77 371 0
77 377 0
77 420 0
77 421 0
77 422 0
77 423 0
77 432 0
77 440 0
77 444 0
77 447 0
77 454 0
77 473 0
77 474 0
77 477 0
77 510 0
77 574 0
77 581 0
78 212 0
79 12 0
79 17 0
79 30 0
79 33 0
79 80 0
79 84 0
79 99 0
79 101 0
79 111 0
79 112 0
79 113 0
79 146 0
79 168 0
79 177 0
79 178 0
79 211 0
79 216 0
79 229 0
79 248 0
79 255 0
79 262 0
79 310 0
79 314 0
79 326 0
79 332 0
79 340 0
79 342 0
79 351 0
79 368 0
79 376 0
79 379 0
79 384 0
79 386 0
79 393 0
79 394 0
79 406 0
79 411 0
79 412 0
79 414 0
79 417 0
79 426 0
79 427 0
79 429 0
79 430 0
79 435 0
79 447 0
79 455 0
79 458 0
79 459 0
79 464 0
79 470 0
79 476 0
79 486 0
79 491 0
79 493 0
79 495 0
79 497 0
79 504 0
79 537 0
79 547 0
79 582 0
79 584 0
79 586 0
80 81 0
80 84 0
80 112 0
80 113 0
80 133 0
80 168 0
80 189 0
80 302 0
80 406 0
81 84 0
81 112 0
81 113 0
81 310 0
81 410 0
81 411 0
81 440 0
82 340 0
83 47 0
83 97 0
83 112 0
83 114 0
83 268 0
83 314 0
83 408 0
83 423 0
83 432 0
83 444 0
83 447 0
83 454 0
83 457 0
83 496 0
83 510 0
83 581 0
84 29 0
84 53 0
84 75 0
84 85 0
84 89 0
84 91 0
84 97 0
84 112 0
84 120 0
84 121 0
84 122 0
84 127 0
84 128 0
84 129 0
84 138 0
84 139 0
84 140 0
84 142 0
84 146 0
84 150 0
84 168 0
84 172 0
84 173 0
84 177 0
84 178 0
84 183 0
84 184 0
84 188 0
84 203 0
84 216 0
84 219 0
84 225 0
84 227 0
84 229 0
84 231 0
84 235 0
84 238 0
84 239 0
84 258 0
84 262 0
84 272 0
84 273 0
84 274 0
84 278 0
84 280 0
84 290 0
84 294 0
84 295 0
84 305 0
84 306 0
84 308 0
84 312 0
84 315 0
84 316 0
84 318 0
84 319 0
84 327 0
84 333 0
84 340 0
84 342 0
84 348 0
84 349 0
84 351 0
84 360 0
84 405 0
84 415 0
84 448 0
84 456 0
85 146 0
85 211 0
85 213 0
85 219 0
85 260 0
85 268 0
85 288 0
85 351 0
85 354 0
85 410 0
85 426 0
85 435 0
85 457 0
85 470 0
85 472 0
85 476 0
85 483 0
85 492 0
85 494 0
86 289 0
88 4 0
88 309 0
88 355 0
88 448 0
89 9 0
89 12 0
89 29 0
89 43 0
89 56 0
89 60 0
89 76 0
89 90 0
89 97 0
89 111 0
89 112 0
89 121 0
89 128 0
89 138 0
89 139 0
89 146 0
89 177 0
89 206 0
89 215 0
89 219 0
89 227 0
89 229 0
89 269 0
89 274 0
89 279 0
89 288 0
89 289 0
89 306 0
89 315 0
89 316 0
89 328 0
89 340 0
89 344 0
89 351 0
89 366 0
89 376 0
89 387 0
89 404 0
89 407 0
89 409 0
89 423 0
89 424 0
89 432 0
89 433 0
89 435 0
89 444 0
89 445 0
89 454 0
89 455 0
89 456 0
89 465 0
89 466 0
89 467 0
89 514 0
89 537 0
89 558 0
89 574 0
89 581 0
89 585 0
90 112 0
90 177 0
90 227 0
90 288 0
90 306 0
90 328 0
90 351 0
90 471 0
90 477 0
90 491 0
90 574 0
91 10 0
91 49 0
91 55 0
91 57 0
91 79 0
91 88 0
91 92 0
91 109 0
91 117 0
91 121 0
91 128 0
91 216 0
91 230 0
91 245 0
91 255 0
91 266 0
91 278 0
91 311 0
91 314 0
91 328 0
91 329 0
91 332 0
91 339 0
91 340 0
91 388 0
91 410 0
91 419 0
91 422 0
91 425 0
91 426 0
91 428 0
91 429 0
91 436 0
91 456 0
91 467 0
91 496 0
91 498 0
91 584 0
92 10 0
92 79 0
92 88 0
92 109 0
92 160 0
92 212 0
92 219 0
92 328 0
92 340 0
92 419 0
92 442 0
93 12 0
94 33 0
94 91 0
94 211 0
94 212 0
94 328 0
94 332 0
94 355 0
94 386 0
94 447 0
95 212 0
95 456 0
97 4 0
97 7 0
97 19 0
97 29 0
97 103 0
97 138 0
97 139 0
97 140 0
97 212 0
97 219 0
97 220 0
97 274 0
97 290 0
97 298 0
97 299 0
97 316 0
97 320 0
97 340 0
97 343 0
97 350 0
97 360 0
97 366 0
97 374 0
97 387 0
97 391 0
97 401 0
97 403 0
97 405 0
97 407 0
97 410 0
97 419 0
97 425 0
97 446 0
97 447 0
97 448 0
97 462 0
97 463 0
97 470 0
97 474 0
97 476 0
97 491 0
97 492 0
97 494 0
97 496 0
97 510 0
97 538 0
98 333 0
99 100 0
99 288 0
99 333 0
100 111 0
102 111 0
102 193 0
102 332 0
103 121 0
103 122 0
103 225 0
104 148 0
105 207 0
105 249 0
107 272 0
107 315 0
107 316 0
107 317 0
107 318 0
107 319 0
108 188 0
108 229 0
108 274 0
109 55 0
109 84 0
109 88 0
109 120 0
109 127 0
109 138 0
109 278 0
109 323 0
109 328 0
109 332 0
109 364 0
111 168 0
111 175 0
111 176 0
111 191 0
111 193 0
111 257 0
111 286 0
111 307 0
111 309 0
111 316 0
111 331 0
111 334 0
111 337 0
111 349 0
111 354 0
112 23 0
112 70 0
112 101 0
112 113 0
112 114 0
112 177 0
112 178 0
112 194 0
112 208 0
112 219 0
112 229 0
112 232 0
112 239 0
112 242 0
112 244 0
112 255 0
112 274 0
112 279 0
112 294 0
112 295 0
112 297 0
112 306 0
112 308 0
112 314 0
112 316 0
112 340 0
112 360 0
112 456 0
112 470 0
112 496 0
112 510 0
113 114 0
113 138 0
113 139 0
113 177 0
113 178 0
113 239 0
113 290 0
114 97 0
114 177 0
114 178 0
115 0 0
115 48 0
115 246 0
115 327 0
115 383 0
115 481 0
115 482 0
115 483 0
118 62 0
118 208 0
118 260 0
118 309 0
118 401 0
118 459 0
118 557 0
119 60 0
119 176 0
119 214 0
119 446 0
119 447 0
119 538 0
120 12 0
120 218 0
120 219 0
120 294 0
120 351 0
120 399 0
120 405 0
120 446 0
120 447 0
120 448 0
120 538 0
121 12 0
121 78 0
121 79 0
121 122 0
121 150 0
121 168 0
121 182 0
121 290 0
121 294 0
121 312 0
121 316 0
121 409 0
121 553 0
122 12 0
122 24 0
122 33 0
122 120 0
122 146 0
122 160 0
122 278 0
122 290 0
122 294 0
122 295 0
122 316 0
122 340 0
122 351 0
122 365 0
122 366 0
122 456 0
122 494 0
122 510 0
122 511 0
124 211 0
125 135 0
125 202 0
126 340 0
127 21 0
127 42 0
127 109 0
127 124 0
127 216 0
127 278 0
127 308 0
127 323 0
127 408 0
127 411 0
127 412 0
127 442 0
127 470 0
127 476 0
127 512 0
127 540 0
128 39 0
128 41 0
128 88 0
128 89 0
128 116 0
128 138 0
128 191 0
128 229 0
128 274 0
128 278 0
128 317 0
128 319 0
128 323 0
128 324 0
128 327 0
128 386 0
128 402 0
128 446 0
128 447 0
128 448 0
128 482 0
129 33 0
129 142 0
129 204 0
129 234 0
129 305 0
129 311 0
129 314 0
129 408 0
130 31 0
130 65 0
130 72 0
130 255 0
130 494 0
130 495 0
131 315 0
132 133 0
132 198 0
134 64 0
134 80 0
134 101 0
134 177 0
134 295 0
134 305 0
134 481 0
137 211 0
137 212 0
138 12 0
138 33 0
138 36 0
138 75 0
138 76 0
138 79 0
138 89 0
138 112 0
138 125 0
138 139 0
138 140 0
138 142 0
138 146 0
138 148 0
138 172 0
138 177 0
138 183 0
138 188 0
138 200 0
138 202 0
138 215 0
138 219 0
138 220 0
138 225 0
138 227 0
138 229 0
138 260 0
138 270 0
138 272 0
138 274 0
138 275 0
138 278 0
138 290 0
138 294 0
138 295 0
138 297 0
138 298 0
138 299 0
138 303 0
138 306 0
138 309 0
138 315 0
138 316 0
138 320 0
138 327 0
138 328 0
138 340 0
138 360 0
138 361 0
138 362 0
138 384 0
138 410 0
138 446 0
138 447 0
138 510 0
138 536 0
138 538 0
138 561 0
139 28 0
139 32 0
139 75 0
139 140 0
139 172 0
139 183 0
139 200 0
139 202 0
139 215 0
139 219 0
139 220 0
139 227 0
139 270 0
139 272 0
139 274 0
139 275 0
139 278 0
139 298 0
139 299 0
139 302 0
139 306 0
139 316 0
139 320 0
139 332 0
139 340 0
139 341 0
139 343 0
139 351 0
139 360 0
139 392 0
139 405 0
139 419 0
139 428 0
139 429 0
139 446 0
139 447 0
139 448 0
139 536 0
139 538 0
139 561 0
139 584 0
140 136 0
140 141 0
140 177 0
140 212 0
140 219 0
140 227 0
140 262 0
140 351 0
140 424 0
140 440 0
140 494 0
140 496 0
140 584 0
141 18 0
141 140 0
141 146 0
141 177 0
141 183 0
141 203 0
141 204 0
141 227 0
141 279 0
141 290 0
141 294 0
141 295 0
141 349 0
141 351 0
141 360 0
141 361 0
141 419 0
141 430 0
141 446 0
141 447 0
141 481 0
141 483 0
141 510 0
141 538 0
142 47 0
142 89 0
142 203 0
142 227 0
142 229 0
142 274 0
142 319 0
142 340 0
142 523 0
143 14 0
143 76 0
143 144 0
143 196 0
143 272 0
143 423 0
143 432 0
143 444 0
143 452 0
143 454 0
143 581 0
144 1 0
144 129 0
144 130 0
144 235 0
144 264 0
144 272 0
144 468 0
145 76 0
145 86 0
145 219 0
145 290 0
145 316 0
145 351 0
146 11 0
146 12 0
146 13 0
146 16 0
146 55 0
146 60 0
146 77 0
146 78 0
146 137 0
146 177 0
146 187 0
146 191 0
146 207 0
146 212 0
146 219 0
146 235 0
146 239 0
146 241 0
146 255 0
146 261 0
146 274 0
146 278 0
146 288 0
146 290 0
146 294 0
146 306 0
146 316 0
146 328 0
146 340 0
146 343 0
146 351 0
146 354 0
146 355 0
146 358 0
146 364 0
146 368 0
146 374 0
146 375 0
146 378 0
146 388 0
146 389 0
146 392 0
146 407 0
146 409 0
146 410 0
146 419 0
146 426 0
146 428 0
146 429 0
146 430 0
146 435 0
146 437 0
146 451 0
146 452 0
146 454 0
146 456 0
146 457 0
146 459 0
146 469 0
146 470 0
146 471 0
146 472 0
146 476 0
146 483 0
146 485 0
146 492 0
146 494 0
146 512 0
146 519 0
146 520 0
146 525 0
146 530 0
146 536 0
146 538 0
146 545 0
146 558 0
146 584 0
147 29 0
147 36 0
147 177 0
147 306 0
147 340 0
147 343 0
147 467 0
147 481 0
147 503 0
148 312 0
148 313 0
149 150 0
149 241 0
149 351 0
149 383 0
149 436 0
149 439 0
150 8 0
150 149 0
150 188 0
150 219 0
150 261 0
150 294 0
150 295 0
150 327 0
150 381 0
150 382 0
150 383 0
150 384 0
150 397 0
150 415 0
150 418 0
150 428 0
150 429 0
150 436 0
150 439 0
150 446 0
150 447 0
150 448 0
150 480 0
150 501 0
150 510 0
150 516 0
150 523 0
150 524 0
150 525 0
150 526 0
150 528 0
150 529 0
150 530 0
150 532 0
150 533 0
150 534 0
150 549 0
150 551 0
150 555 0
150 556 0
150 557 0
150 566 0
150 568 0
150 569 0
150 572 0
150 573 0
150 576 0
150 584 0
151 152 0
151 165 0
151 166 0
151 220 0
151 298 0
151 340 0
151 364 0
151 366 0
151 373 0
151 585 0
152 39 0
152 205 0
152 220 0
152 229 0
152 247 0
152 274 0
152 349 0
152 442 0
152 456 0
154 67 0
154 212 0
154 335 0
154 351 0
154 356 0
154 466 0
154 467 0
158 22 0
158 177 0
158 187 0
158 229 0
158 274 0
158 288 0
158 345 0
158 399 0
159 112 0
159 146 0
159 428 0
159 429 0
159 584 0
160 225 0
160 326 0
160 334 0
161 29 0
161 303 0
161 326 0
165 168 0
165 189 0
167 168 0
167 171 0
167 221 0
167 337 0
168 177 0
168 189 0
168 221 0
168 229 0
168 274 0
168 315 0
168 316 0
168 319 0
168 337 0
168 349 0
169 255 0
169 570 0
171 221 0
171 233 0
171 337 0
172 76 0
172 177 0
172 216 0
172 221 0
172 308 0
172 315 0
172 316 0
172 340 0
172 349 0
172 419 0
172 450 0
172 482 0
173 32 0
173 177 0
173 221 0
173 315 0
173 336 0
173 337 0
173 419 0
174 33 0
174 315 0
174 316 0
174 317 0
174 318 0
174 319 0
175 176 0
176 309 0
176 334 0
176 335 0
176 349 0
177 12 0
177 17 0
177 23 0
177 29 0
177 32 0
177 55 0
177 70 0
177 78 0
177 91 0
177 92 0
177 97 0
177 99 0
177 101 0
177 105 0
177 114 0
177 132 0
177 144 0
177 168 0
177 178 0
177 187 0
177 194 0
177 197 0
177 208 0
177 212 0
177 216 0
177 219 0
177 229 0
177 230 0
177 232 0
177 244 0
177 255 0
177 261 0
177 267 0
177 269 0
177 274 0
177 279 0
177 290 0
177 294 0
177 295 0
177 297 0
177 306 0
177 308 0
177 315 0
177 316 0
177 328 0
177 340 0
177 342 0
177 349 0
177 350 0
177 351 0
177 377 0
177 399 0
177 403 0
177 405 0
177 408 0
177 410 0
177 433 0
177 446 0
177 447 0
177 448 0
177 450 0
177 456 0
177 466 0
177 467 0
177 469 0
177 470 0
177 471 0
177 473 0
177 496 0
177 499 0
177 538 0
177 583 0
178 24 0
178 99 0
178 114 0
178 168 0
178 206 0
178 216 0
180 226 0
180 303 0
180 374 0
181 288 0
182 229 0
182 262 0
182 274 0
182 333 0
182 388 0
182 407 0
182 409 0
182 415 0
182 471 0
183 17 0
183 41 0
183 168 0
183 212 0
183 219 0
183 226 0
183 260 0
183 269 0
183 303 0
183 322 0
183 333 0
183 340 0
183 350 0
183 351 0
183 397 0
183 407 0
183 409 0
183 415 0
183 420 0
183 428 0
183 429 0
183 446 0
183 447 0
183 448 0
183 450 0
183 453 0
183 456 0
183 496 0
183 538 0
183 569 0
183 584 0
184 121 0
184 146 0
184 222 0
184 235 0
184 262 0
184 269 0
184 405 0
184 446 0
184 447 0
184 448 0
184 538 0
185 111 0
185 211 0
185 355 0
185 394 0
185 405 0
187 201 0
188 12 0
188 42 0
188 56 0
188 63 0
188 89 0
188 208 0
188 219 0
188 241 0
188 278 0
188 294 0
188 295 0
188 299 0
188 326 0
188 384 0
188 415 0
188 428 0
188 429 0
188 495 0
188 519 0
188 520 0
188 584 0
189 316 0
192 262 0
193 330 0
193 334 0
194 33 0
194 563 0
195 311 0
198 203 0
198 204 0
198 239 0
199 219 0
199 220 0
199 328 0
199 376 0
199 377 0
199 422 0
199 423 0
199 432 0
199 433 0
199 437 0
199 444 0
199 445 0
199 454 0
199 455 0
199 473 0
199 514 0
199 581 0
199 583 0
200 67 0
200 215 0
200 226 0
200 260 0
200 520 0
202 89 0
202 125 0
202 227 0
202 303 0
202 359 0
202 401 0
203 177 0
203 198 0
203 204 0
203 225 0
203 234 0
203 470 0
203 476 0
203 533 0
203 536 0
203 541 0
203 561 0
203 582 0
204 177 0
204 198 0
204 202 0
204 225 0
204 234 0
204 239 0
204 351 0
204 536 0
204 561 0
205 12 0
205 247 0
205 304 0
205 442 0
205 456 0
206 29 0
206 128 0
206 178 0
206 294 0
206 328 0
206 470 0
206 471 0
206 476 0
206 477 0
207 289 0
207 316 0
208 112 0
208 146 0
208 153 0
208 207 0
208 246 0
208 302 0
208 308 0
208 367 0
208 371 0
208 376 0
208 410 0
208 413 0
208 433 0
208 451 0
208 455 0
208 466 0
208 467 0
208 481 0
208 514 0
208 582 0
209 49 0
209 314 0
209 322 0
209 407 0
209 409 0
209 459 0
211 212 0
212 316 0
212 334 0
213 72 0
213 212 0
215 23 0
215 29 0
215 86 0
215 89 0
215 138 0
215 219 0
215 277 0
215 297 0
215 298 0
215 299 0
215 340 0
215 465 0
216 10 0
216 42 0
216 49 0
216 128 0
216 155 0
216 166 0
216 219 0
216 278 0
216 308 0
216 323 0
216 405 0
216 407 0
216 412 0
216 419 0
216 420 0
216 446 0
216 447 0
216 448 0
216 538 0
216 550 0
218 49 0
218 219 0
218 306 0
219 16 0
219 17 0
219 27 0
219 33 0
219 37 0
219 39 0
219 42 0
219 53 0
219 72 0
219 84 0
219 120 0
219 127 0
219 129 0
219 139 0
219 162 0
219 168 0
219 187 0
219 210 0
219 220 0
219 226 0
219 229 0
219 260 0
219 294 0
219 295 0
219 303 0
219 306 0
219 316 0
219 328 0
219 329 0
219 338 0
219 340 0
219 342 0
219 351 0
219 360 0
219 364 0
219 365 0
219 366 0
219 367 0
219 368 0
219 369 0
219 370 0
219 371 0
219 373 0
219 374 0
219 376 0
219 377 0
219 383 0
219 392 0
219 405 0
219 410 0
219 412 0
219 415 0
219 420 0
219 422 0
219 423 0
219 432 0
219 433 0
219 440 0
219 444 0
219 445 0
219 448 0
219 454 0
219 455 0
219 465 0
219 466 0
219 467 0
219 470 0
219 471 0
219 473 0
219 474 0
219 475 0
219 476 0
219 478 0
219 481 0
219 482 0
219 483 0
219 491 0
219 492 0
219 494 0
219 497 0
219 510 0
219 518 0
219 519 0
219 520 0
219 558 0
219 580 0
219 581 0
219 583 0
220 27 0
220 36 0
220 73 0
220 136 0
220 139 0
220 147 0
220 218 0
220 233 0
220 340 0
220 376 0
220 377 0
220 384 0
220 423 0
220 424 0
220 425 0
220 427 0
220 428 0
220 429 0
220 432 0
220 433 0
220 444 0
220 445 0
220 454 0
220 455 0
220 466 0
220 473 0
220 476 0
220 477 0
220 479 0
220 498 0
220 502 0
220 504 0
220 506 0
220 514 0
220 535 0
220 539 0
220 577 0
220 580 0
220 581 0
220 582 0
220 583 0
220 584 0
221 229 0
221 336 0
221 337 0
222 223 0
222 224 0
222 278 0
222 322 0
223 224 0
224 322 0
225 137 0
225 294 0
225 326 0
225 395 0
225 415 0
225 428 0
225 453 0
225 465 0
226 8 0
226 41 0
226 72 0
226 129 0
226 130 0
226 182 0
226 260 0
226 287 0
226 301 0
226 303 0
226 316 0
226 423 0
226 432 0
226 444 0
226 454 0
226 487 0
226 488 0
226 489 0
226 490 0
226 515 0
226 581 0
227 12 0
227 89 0
227 237 0
227 238 0
227 261 0
227 262 0
227 269 0
227 272 0
227 280 0
227 290 0
227 292 0
227 294 0
227 299 0
227 360 0
227 361 0
227 383 0
227 448 0
227 494 0
228 8 0
228 112 0
228 219 0
228 340 0
228 462 0
229 0 0
229 12 0
229 17 0
229 21 0
229 23 0
229 32 0
229 33 0
229 49 0
229 51 0
229 54 0
229 57 0
229 60 0
229 76 0
229 78 0
229 79 0
229 99 0
229 100 0
229 101 0
229 105 0
229 111 0
229 122 0
229 126 0
229 128 0
229 137 0
229 138 0
229 143 0
229 146 0
229 152 0
229 162 0
229 168 0
229 172 0
229 180 0
229 192 0
229 211 0
229 212 0
229 219 0
229 227 0
229 230 0
229 235 0
229 243 0
229 255 0
229 262 0
229 263 0
229 264 0
229 265 0
229 266 0
229 273 0
229 274 0
229 276 0
229 288 0
229 290 0
229 298 0
229 306 0
229 311 0
229 315 0
229 316 0
229 317 0
229 324 0
229 328 0
229 333 0
229 336 0
229 337 0
229 340 0
229 349 0
229 351 0
229 360 0
229 365 0
229 373 0
229 380 0
229 387 0
229 392 0
229 400 0
229 410 0
229 411 0
229 412 0
229 415 0
229 419 0
229 422 0
229 423 0
229 446 0
229 447 0
229 456 0
229 457 0
229 459 0
229 469 0
229 471 0
229 477 0
229 481 0
229 482 0
229 483 0
229 485 0
229 492 0
229 493 0
229 507 0
229 510 0
229 513 0
229 536 0
229 537 0
229 538 0
229 542 0
229 555 0
229 560 0
229 561 0
229 563 0
229 580 0
230 33 0
230 146 0
230 273 0
230 274 0
230 466 0
231 33 0
231 70 0
231 101 0
231 153 0
231 154 0
231 304 0
231 306 0
231 506 0
232 233 0
233 242 0
234 56 0
234 66 0
234 129 0
234 204 0
234 314 0
234 407 0
234 409 0
234 423 0
234 432 0
234 444 0
234 445 0
234 454 0
234 581 0
235 257 0
235 272 0
235 294 0
236 0 0
236 237 0
236 280 0
236 407 0
236 409 0
237 0 0
237 26 0
237 280 0
237 312 0
237 392 0
237 453 0
237 482 0
238 78 0
238 229 0
238 274 0
238 280 0
238 284 0
238 351 0
238 383 0
238 408 0
238 443 0
238 481 0
238 510 0
239 76 0
239 212 0
239 280 0
239 288 0
240 287 0
240 352 0
241 344 0
243 311 0
243 345 0
245 108 0
245 188 0
245 207 0
245 220 0
245 270 0
245 278 0
245 328 0
245 340 0
245 358 0
245 420 0
246 175 0
246 176 0
246 207 0
246 212 0
246 264 0
246 303 0
246 399 0
247 226 0
247 304 0
247 442 0
247 456 0
249 289 0
249 316 0
250 251 0
252 340 0
252 341 0
253 188 0
253 356 0
255 288 0
258 12 0
258 41 0
258 127 0
258 160 0
258 255 0
258 286 0
258 299 0
258 303 0
258 309 0
258 343 0
258 349 0
258 370 0
258 567 0
259 208 0
259 302 0
260 41 0
260 72 0
260 130 0
260 226 0
260 287 0
260 294 0
260 303 0
260 309 0
260 316 0
260 360 0
260 392 0
260 393 0
260 406 0
260 409 0
260 485 0
260 486 0
260 487 0
260 488 0
260 489 0
260 490 0
260 515 0
261 168 0
261 192 0
261 280 0
261 288 0
261 290 0
261 313 0
261 318 0
261 378 0
261 448 0
261 459 0
261 485 0
262 23 0
262 31 0
262 42 0
262 68 0
262 183 0
262 219 0
262 237 0
262 258 0
262 274 0
262 280 0
262 288 0
262 290 0
262 294 0
262 306 0
262 312 0
262 313 0
262 340 0
262 383 0
262 387 0
262 406 0
262 409 0
262 456 0
262 482 0
262 571 0
263 274 0
264 276 0
264 343 0
267 268 0
269 61 0
269 91 0
269 150 0
269 157 0
269 255 0
269 278 0
269 280 0
269 308 0
269 333 0
269 361 0
269 407 0
269 409 0
269 488 0
270 29 0
270 70 0
270 76 0
270 77 0
270 112 0
270 219 0
270 262 0
270 279 0
270 306 0
270 331 0
270 340 0
270 351 0
270 543 0
270 544 0
272 168 0
272 229 0
272 466 0
272 467 0
273 32 0
273 87 0
273 99 0
273 162 0
273 168 0
273 274 0
273 421 0
273 456 0
274 0 0
274 12 0
274 21 0
274 23 0
274 32 0
274 33 0
274 49 0
274 51 0
274 57 0
274 60 0
274 76 0
274 78 0
274 79 0
274 85 0
274 99 0
274 100 0
274 101 0
274 105 0
274 111 0
274 122 0
274 126 0
274 128 0
274 137 0
274 138 0
274 143 0
274 146 0
274 162 0
274 168 0
274 172 0
274 180 0
274 192 0
274 211 0
274 212 0
274 219 0
274 227 0
274 229 0
274 243 0
274 244 0
274 255 0
274 261 0
274 264 0
274 265 0
274 266 0
274 276 0
274 288 0
274 290 0
274 294 0
274 298 0
274 306 0
274 311 0
274 315 0
274 316 0
274 317 0
274 324 0
274 328 0
274 333 0
274 336 0
274 337 0
274 340 0
274 343 0
274 349 0
274 351 0
274 360 0
274 368 0
274 373 0
274 386 0
274 387 0
274 392 0
274 394 0
274 409 0
274 410 0
274 411 0
274 415 0
274 419 0
274 423 0
274 428 0
274 429 0
274 431 0
274 432 0
274 436 0
274 438 0
274 443 0
274 444 0
274 447 0
274 452 0
274 454 0
274 456 0
274 458 0
274 465 0
274 466 0
274 467 0
274 468 0
274 469 0
274 470 0
274 471 0
274 476 0
274 477 0
274 483 0
274 492 0
274 510 0
274 527 0
274 561 0
274 574 0
274 579 0
274 581 0
274 584 0
274 586 0
275 12 0
275 25 0
275 30 0
275 240 0
275 285 0
275 315 0
275 353 0
275 384 0
275 394 0
275 401 0
275 403 0
275 443 0
275 450 0
275 456 0
275 458 0
275 502 0
278 20 0
278 33 0
278 108 0
278 177 0
278 183 0
278 224 0
278 228 0
278 229 0
278 274 0
278 308 0
278 323 0
278 324 0
278 351 0
278 376 0
278 408 0
278 423 0
278 426 0
278 427 0
278 432 0
278 433 0
278 444 0
278 454 0
278 455 0
278 466 0
278 468 0
278 470 0
278 476 0
278 514 0
278 581 0
279 12 0
279 89 0
279 212 0
279 255 0
279 294 0
279 299 0
279 305 0
279 309 0
279 315 0
279 343 0
279 351 0
279 352 0
279 456 0
279 470 0
279 476 0
279 496 0
280 0 0
280 61 0
280 149 0
280 150 0
280 157 0
280 333 0
280 383 0
280 407 0
280 409 0
280 437 0
282 340 0
283 340 0
284 334 0
284 335 0
284 337 0
286 334 0
286 335 0
289 332 0
290 5 0
290 56 0
290 97 0
290 122 0
290 145 0
290 146 0
290 158 0
290 219 0
290 235 0
290 246 0
290 262 0
290 289 0
290 320 0
290 325 0
290 328 0
290 340 0
290 342 0
290 360 0
290 510 0
290 536 0
290 561 0
291 352 0
291 446 0
291 447 0
291 448 0
292 294 0
292 295 0
292 297 0
294 9 0
294 33 0
294 51 0
294 115 0
294 123 0
294 177 0
294 219 0
294 266 0
294 288 0
294 295 0
294 296 0
294 297 0
294 298 0
294 303 0
294 306 0
294 316 0
294 328 0
294 330 0
294 332 0
294 340 0
294 350 0
294 351 0
294 359 0
294 400 0
294 404 0
294 407 0
294 409 0
294 419 0
294 423 0
294 432 0
294 436 0
294 444 0
294 446 0
294 447 0
294 454 0
294 456 0
294 474 0
294 476 0
294 482 0
294 494 0
294 496 0
294 536 0
294 541 0
294 547 0
294 555 0
294 561 0
294 581 0
295 9 0
295 51 0
295 103 0
295 134 0
295 177 0
295 219 0
295 288 0
295 292 0
295 296 0
295 297 0
295 298 0
295 306 0
295 327 0
295 332 0
295 346 0
295 407 0
295 409 0
295 419 0
295 487 0
295 488 0
295 489 0
295 490 0
295 515 0
295 525 0
295 536 0
295 555 0
295 561 0
295 584 0
296 297 0
297 207 0
297 219 0
297 315 0
297 332 0
298 111 0
298 137 0
298 320 0
298 334 0
298 340 0
298 343 0
298 350 0
298 374 0
298 405 0
298 446 0
298 447 0
298 448 0
298 450 0
298 510 0
298 511 0
298 522 0
298 538 0
298 554 0
299 36 0
299 60 0
299 260 0
299 305 0
299 340 0
299 343 0
299 350 0
299 374 0
299 401 0
299 405 0
299 409 0
299 446 0
299 447 0
299 448 0
299 450 0
299 466 0
299 467 0
299 510 0
299 538 0
300 321 0
302 133 0
302 208 0
302 504 0
302 505 0
303 72 0
303 246 0
303 287 0
303 316 0
303 325 0
303 341 0
303 355 0
303 384 0
303 385 0
303 399 0
303 401 0
303 405 0
303 428 0
303 429 0
303 448 0
303 465 0
303 482 0
303 485 0
303 487 0
303 488 0
303 489 0
303 490 0
303 500 0
303 515 0
303 536 0
303 584 0
305 12 0
305 143 0
305 183 0
305 208 0
305 259 0
305 302 0
305 404 0
305 481 0
306 0 0
306 3 0
306 9 0
306 11 0
306 12 0
306 15 0
306 21 0
306 29 0
306 31 0
306 32 0
306 33 0
306 34 0
306 35 0
306 36 0
306 39 0
306 48 0
306 49 0
306 51 0
306 52 0
306 55 0
306 57 0
306 75 0
306 76 0
306 79 0
306 82 0
306 89 0
306 98 0
306 99 0
306 101 0
306 102 0
306 106 0
306 112 0
306 120 0
306 128 0
306 132 0
306 137 0
306 141 0
306 147 0
306 150 0
306 154 0
306 157 0
306 161 0
306 163 0
306 168 0
306 175 0
306 179 0
306 185 0
306 187 0
306 192 0
306 201 0
306 207 0
306 210 0
306 211 0
306 212 0
306 215 0
306 217 0
306 218 0
306 219 0
306 220 0
306 228 0
306 229 0
306 230 0
306 239 0
306 241 0
306 244 0
306 246 0
306 255 0
306 263 0
306 266 0
306 267 0
306 269 0
306 274 0
306 288 0
306 290 0
306 300 0
306 304 0
306 305 0
306 309 0
306 311 0
306 312 0
306 316 0
306 321 0
306 324 0
306 328 0
306 332 0
306 333 0
306 340 0
306 344 0
306 347 0
306 348 0
306 350 0
306 351 0
306 355 0
306 360 0
306 376 0
306 392 0
306 394 0
306 405 0
306 406 0
306 411 0
306 423 0
306 428 0
306 432 0
306 440 0
306 444 0
306 446 0
306 447 0
306 448 0
306 454 0
306 465 0
306 470 0
306 471 0
306 476 0
306 482 0
306 483 0
306 498 0
306 511 0
306 520 0
306 538 0
306 581 0
307 309 0
307 349 0
308 24 0
308 32 0
308 109 0
308 127 0
308 210 0
308 284 0
308 316 0
308 323 0
308 337 0
308 406 0
308 410 0
308 419 0
308 423 0
308 432 0
308 444 0
308 454 0
308 456 0
308 465 0
308 468 0
308 470 0
308 505 0
308 508 0
308 536 0
308 581 0
311 340 0
311 345 0
312 12 0
312 23 0
312 31 0
312 101 0
312 104 0
312 262 0
312 313 0
312 378 0
312 430 0
312 482 0
312 571 0
313 0 0
313 101 0
313 104 0
313 150 0
313 262 0
313 340 0
313 423 0
313 428 0
313 429 0
313 432 0
313 444 0
313 454 0
313 581 0
313 584 0
314 52 0
314 108 0
314 112 0
314 114 0
314 190 0
314 211 0
314 212 0
314 224 0
314 255 0
314 288 0
314 322 0
314 407 0
314 409 0
314 453 0
314 459 0
314 482 0
315 32 0
315 57 0
315 78 0
315 101 0
315 135 0
315 167 0
315 168 0
315 172 0
315 238 0
315 261 0
315 281 0
315 284 0
315 316 0
315 317 0
315 318 0
315 324 0
315 336 0
315 340 0
315 364 0
315 384 0
315 411 0
315 419 0
315 481 0
315 510 0
315 574 0
316 0 0
316 12 0
316 23 0
316 24 0
316 32 0
316 33 0
316 55 0
316 64 0
316 70 0
316 75 0
316 85 0
316 90 0
316 98 0
316 101 0
316 112 0
316 146 0
316 165 0
316 168 0
316 172 0
316 193 0
316 211 0
316 212 0
316 219 0
316 221 0
316 226 0
316 258 0
316 261 0
316 315 0
316 317 0
316 318 0
316 328 0
316 340 0
316 341 0
316 343 0
316 346 0
316 350 0
316 351 0
316 367 0
316 384 0
316 387 0
316 399 0
316 407 0
316 410 0
316 411 0
316 415 0
316 419 0
316 420 0
316 423 0
316 424 0
316 425 0
316 428 0
316 429 0
316 432 0
316 444 0
316 448 0
316 451 0
316 454 0
316 456 0
316 459 0
316 463 0
316 465 0
316 471 0
316 472 0
316 477 0
316 481 0
316 483 0
316 510 0
316 517 0
316 531 0
316 565 0
316 581 0
316 584 0
317 172 0
317 219 0
317 319 0
317 324 0
317 563 0
318 23 0
318 24 0
318 33 0
318 89 0
318 155 0
318 306 0
318 319 0
319 49 0
319 112 0
319 113 0
319 167 0
319 315 0
319 337 0
319 406 0
319 508 0
320 152 0
320 299 0
320 343 0
320 360 0
320 462 0
320 496 0
323 88 0
323 216 0
323 220 0
323 229 0
323 326 0
323 328 0
323 408 0
323 411 0
323 424 0
323 468 0
323 474 0
323 483 0
324 128 0
324 360 0
326 36 0
326 123 0
326 177 0
326 183 0
326 208 0
326 219 0
326 351 0
326 355 0
326 410 0
326 456 0
326 510 0
327 56 0
327 128 0
327 299 0
327 316 0
327 328 0
327 357 0
327 424 0
327 425 0
327 456 0
328 340 0
329 6 0
329 21 0
329 49 0
329 69 0
329 91 0
329 98 0
329 101 0
329 164 0
329 212 0
329 340 0
329 351 0
329 388 0
329 423 0
329 432 0
329 444 0
329 445 0
329 454 0
329 459 0
329 581 0
330 332 0
336 337 0
338 107 0
338 219 0
338 423 0
338 432 0
338 444 0
338 445 0
338 454 0
338 581 0
340 8 0
340 17 0
340 23 0
340 29 0
340 31 0
340 56 0
340 62 0
340 72 0
340 75 0
340 76 0
340 77 0
340 79 0
340 82 0
340 86 0
340 89 0
340 97 0
340 101 0
340 120 0
340 122 0
340 150 0
340 158 0
340 160 0
340 162 0
340 182 0
340 207 0
340 212 0
340 219 0
340 229 0
340 245 0
340 249 0
340 252 0
340 254 0
340 270 0
340 274 0
340 283 0
340 294 0
340 315 0
340 316 0
340 327 0
340 328 0
340 334 0
340 341 0
340 342 0
340 343 0
340 344 0
340 351 0
340 359 0
340 360 0
340 373 0
340 376 0
340 378 0
340 380 0
340 384 0
340 386 0
340 387 0
340 403 0
340 405 0
340 406 0
340 407 0
340 409 0
340 410 0
340 412 0
340 414 0
340 415 0
340 416 0
340 419 0
340 420 0
340 421 0
340 423 0
340 432 0
340 435 0
340 436 0
340 438 0
340 439 0
340 444 0
340 445 0
340 446 0
340 447 0
340 448 0
340 449 0
340 452 0
340 454 0
340 457 0
340 460 0
340 465 0
340 466 0
340 467 0
340 469 0
340 471 0
340 474 0
340 476 0
340 477 0
340 481 0
340 484 0
340 510 0
340 511 0
340 529 0
340 538 0
340 559 0
340 560 0
340 562 0
340 563 0
340 564 0
340 570 0
340 572 0
340 581 0
341 29 0
341 183 0
341 261 0
341 326 0
341 342 0
341 350 0
341 393 0
341 396 0
341 419 0
341 424 0
341 437 0
341 446 0
341 447 0
341 449 0
341 452 0
341 510 0
341 521 0
341 538 0
342 76 0
342 328 0
342 350 0
342 407 0
342 409 0
342 437 0
342 446 0
342 447 0
342 449 0
342 452 0
342 510 0
342 538 0
343 27 0
343 36 0
343 72 0
343 89 0
343 98 0
343 111 0
343 112 0
343 176 0
343 212 0
343 216 0
343 228 0
343 279 0
343 359 0
343 371 0
343 379 0
343 380 0
343 391 0
343 405 0
343 424 0
343 436 0
343 443 0
343 446 0
343 447 0
343 448 0
343 452 0
343 459 0
343 468 0
343 476 0
343 518 0
343 519 0
343 520 0
343 538 0
348 0 0
348 11 0
348 57 0
348 96 0
348 115 0
348 153 0
348 154 0
348 161 0
348 223 0
348 229 0
348 258 0
348 274 0
348 288 0
348 293 0
348 324 0
348 328 0
348 330 0
348 344 0
348 394 0
348 412 0
348 548 0
350 26 0
350 151 0
350 168 0
350 227 0
350 409 0
354 12 0
354 26 0
354 65 0
354 146 0
354 181 0
354 307 0
354 326 0
354 340 0
354 351 0
354 457 0
358 32 0
358 70 0
358 89 0
358 125 0
358 168 0
358 265 0
358 351 0
358 509 0
359 12 0
359 76 0
359 101 0
359 207 0
359 212 0
359 220 0
359 344 0
360 2 0
360 29 0
360 53 0
360 54 0
360 74 0
360 85 0
360 101 0
360 131 0
360 138 0
360 139 0
360 140 0
360 146 0
360 154 0
360 219 0
360 228 0
360 251 0
360 257 0
360 297 0
360 329 0
360 340 0
360 342 0
360 379 0
360 401 0
360 419 0
360 481 0
360 482 0
360 483 0
360 496 0
360 519 0
360 580 0
361 42 0
361 188 0
361 305 0
361 410 0
361 466 0
361 467 0
362 112 0
362 219 0
362 456 0
363 175 0
363 260 0
363 355 0
363 375 0
363 378 0
363 390 0
363 405 0
363 409 0
363 421 0
363 422 0
363 446 0
363 447 0
363 448 0
363 450 0
363 504 0
363 538 0
364 4 0
364 5 0
364 7 0
364 12 0
364 23 0
364 33 0
364 42 0
364 49 0
364 67 0
364 73 0
364 76 0
364 77 0
364 78 0
364 82 0
364 101 0
364 103 0
364 109 0
364 137 0
364 145 0
364 146 0
364 151 0
364 197 0
364 208 0
364 219 0
364 229 0
364 232 0
364 250 0
364 271 0
364 292 0
364 315 0
364 334 0
364 347 0
364 360 0
364 365 0
364 367 0
364 369 0
364 373 0
365 4 0
365 5 0
365 7 0
365 23 0
365 33 0
365 49 0
365 50 0
365 67 0
365 73 0
365 78 0
365 82 0
365 101 0
365 103 0
365 122 0
365 137 0
365 145 0
365 197 0
365 219 0
365 229 0
365 232 0
365 250 0
365 271 0
365 292 0
365 334 0
365 347 0
365 364 0
365 368 0
365 481 0
366 4 0
366 5 0
366 7 0
366 12 0
366 23 0
366 33 0
366 49 0
366 67 0
366 73 0
366 78 0
366 82 0
366 89 0
366 97 0
366 101 0
366 103 0
366 122 0
366 137 0
366 145 0
366 151 0
366 197 0
366 219 0
366 232 0
366 250 0
366 271 0
366 292 0
366 334 0
366 347 0
366 585 0
367 4 0
367 5 0
367 7 0
367 23 0
367 33 0
367 49 0
367 67 0
367 73 0
367 78 0
367 82 0
367 101 0
367 103 0
367 137 0
367 145 0
367 197 0
367 208 0
367 219 0
367 232 0
367 250 0
367 271 0
367 292 0
367 316 0
367 334 0
367 347 0
367 364 0
367 369 0
368 4 0
368 5 0
368 7 0
368 23 0
368 33 0
368 49 0
368 50 0
368 67 0
368 73 0
368 78 0
368 79 0
368 82 0
368 101 0
368 103 0
368 137 0
368 145 0
368 146 0
368 197 0
368 219 0
368 232 0
368 250 0
368 271 0
368 274 0
368 292 0
368 334 0
368 347 0
368 386 0
368 481 0
368 586 0
369 4 0
369 5 0
369 7 0
369 23 0
369 33 0
369 49 0
369 67 0
369 73 0
369 78 0
369 82 0
369 101 0
369 103 0
369 137 0
369 145 0
369 197 0
369 208 0
369 219 0
369 232 0
369 250 0
369 271 0
369 292 0
369 334 0
369 347 0
369 364 0
369 367 0
370 4 0
370 5 0
370 7 0
370 23 0
370 33 0
370 49 0
370 67 0
370 73 0
370 78 0
370 82 0
370 101 0
370 103 0
370 137 0
370 145 0
370 197 0
370 219 0
370 232 0
370 250 0
370 258 0
370 271 0
370 292 0
370 334 0
370 347 0
371 4 0
371 5 0
371 7 0
371 23 0
371 27 0
371 33 0
371 49 0
371 67 0
371 73 0
371 76 0
371 77 0
371 78 0
371 82 0
371 101 0
371 103 0
371 137 0
371 145 0
371 197 0
371 208 0
371 219 0
371 232 0
371 250 0
371 271 0
371 292 0
371 334 0
371 343 0
371 347 0
372 0 0
372 12 0
372 19 0
372 25 0
372 33 0
372 35 0
372 42 0
372 45 0
372 47 0
372 78 0
372 97 0
372 111 0
372 113 0
372 122 0
372 132 0
372 135 0
372 153 0
372 163 0
372 164 0
372 183 0
372 197 0
372 203 0
372 207 0
372 225 0
372 233 0
372 240 0
372 253 0
372 299 0
372 300 0
372 314 0
372 316 0
372 334 0
372 351 0
372 360 0
372 395 0
373 42 0
373 136 0
373 151 0
373 170 0
373 219 0
373 229 0
373 274 0
373 340 0
373 364 0
374 0 0
374 5 0
374 12 0
374 13 0
374 15 0
374 38 0
374 42 0
374 69 0
374 93 0
374 97 0
374 102 0
374 103 0
374 105 0
374 110 0
374 111 0
374 112 0
374 123 0
374 132 0
374 146 0
374 147 0
374 150 0
374 161 0
374 164 0
374 180 0
374 207 0
374 217 0
374 219 0
374 266 0
374 287 0
374 298 0
374 299 0
374 301 0
374 334 0
374 335 0
375 25 0
375 69 0
375 72 0
375 74 0
375 105 0
375 124 0
375 126 0
375 217 0
375 223 0
375 250 0
375 259 0
375 276 0
375 287 0
375 310 0
375 328 0
375 332 0
376 0 0
376 5 0
376 33 0
376 37 0
376 65 0
376 69 0
376 76 0
376 79 0
376 85 0
376 89 0
376 93 0
376 96 0
376 99 0
376 124 0
376 132 0
376 172 0
376 174 0
376 181 0
376 189 0
376 197 0
376 199 0
376 208 0
376 212 0
376 219 0
376 220 0
376 266 0
376 276 0
376 278 0
376 296 0
376 297 0
376 306 0
376 311 0
376 325 0
376 332 0
376 335 0
376 337 0
376 340 0
376 343 0
376 351 0
376 433 0
376 445 0
376 455 0
376 514 0
376 581 0
377 0 0
377 5 0
377 9 0
377 13 0
377 18 0
377 33 0
377 37 0
377 65 0
377 69 0
377 76 0
377 77 0
377 85 0
377 93 0
377 96 0
377 99 0
377 124 0
377 132 0
377 172 0
377 174 0
377 177 0
377 181 0
377 189 0
377 197 0
377 199 0
377 212 0
377 219 0
377 220 0
377 266 0
377 276 0
377 296 0
377 297 0
377 311 0
377 325 0
377 332 0
377 335 0
377 337 0
377 343 0
377 351 0
377 473 0
377 583 0
378 25 0
378 69 0
378 72 0
378 74 0
378 105 0
378 124 0
378 126 0
378 146 0
378 217 0
378 223 0
378 250 0
378 259 0
378 261 0
378 276 0
378 287 0
378 310 0
378 312 0
378 328 0
378 332 0
378 340 0
378 363 0
379 25 0
379 79 0
379 86 0
379 288 0
379 343 0
379 360 0
380 25 0
380 86 0
380 229 0
380 288 0
380 340 0
380 343 0
381 5 0
381 33 0
381 47 0
381 150 0
381 163 0
381 189 0
381 210 0
381 223 0
381 382 0
381 397 0
381 418 0
381 480 0
381 484 0
381 501 0
381 516 0
381 523 0
381 524 0
381 525 0
381 526 0
381 528 0
381 529 0
381 530 0
381 532 0
381 533 0
381 534 0
381 549 0
381 552 0
381 555 0
381 556 0
381 557 0
381 566 0
381 568 0
381 572 0
381 573 0
381 576 0
382 103 0
382 150 0
382 156 0
382 197 0
382 337 0
382 381 0
382 397 0
382 418 0
382 480 0
382 484 0
382 501 0
382 516 0
382 523 0
382 524 0
382 525 0
382 526 0
382 528 0
382 529 0
382 530 0
382 532 0
382 533 0
382 534 0
382 549 0
382 552 0
382 555 0
382 556 0
382 557 0
382 566 0
382 568 0
382 572 0
382 573 0
382 576 0
383 42 0
383 71 0
383 115 0
383 149 0
383 150 0
383 219 0
383 227 0
383 238 0
383 250 0
383 262 0
383 280 0
384 0 0
384 21 0
384 31 0
384 32 0
384 33 0
384 34 0
384 37 0
384 38 0
384 42 0
384 45 0
384 56 0
384 63 0
384 65 0
384 66 0
384 67 0
384 79 0
384 86 0
384 93 0
384 106 0
384 124 0
384 138 0
384 145 0
384 150 0
384 155 0
384 165 0
384 170 0
384 172 0
384 176 0
384 188 0
384 189 0
384 191 0
384 197 0
384 198 0
384 212 0
384 220 0
384 222 0
384 223 0
384 239 0
384 240 0
384 251 0
384 256 0
384 268 0
384 275 0
384 277 0
384 286 0
384 287 0
384 289 0
384 299 0
384 303 0
384 310 0
384 315 0
384 316 0
384 335 0
384 337 0
384 340 0
384 350 0
384 355 0
385 51 0
385 303 0
385 343 0
386 10 0
386 79 0
386 94 0
386 128 0
386 136 0
386 156 0
386 197 0
386 271 0
386 274 0
386 277 0
386 284 0
386 340 0
386 350 0
386 368 0
386 586 0
387 10 0
387 11 0
387 12 0
387 41 0
387 42 0
387 54 0
387 89 0
387 97 0
387 136 0
387 151 0
387 156 0
387 197 0
387 208 0
387 219 0
387 229 0
387 260 0
387 262 0
387 271 0
387 274 0
387 277 0
387 284 0
387 316 0
387 326 0
387 340 0
387 350 0
388 91 0
388 146 0
388 181 0
388 182 0
388 249 0
388 329 0
389 0 0
389 15 0
389 33 0
389 57 0
389 63 0
389 65 0
389 85 0
389 96 0
389 103 0
389 107 0
389 111 0
389 123 0
389 137 0
389 146 0
389 214 0
389 254 0
389 256 0
389 284 0
389 287 0
389 289 0
389 297 0
389 335 0
389 343 0
390 0 0
390 1 0
390 5 0
390 21 0
390 35 0
390 38 0
390 47 0
390 69 0
390 87 0
390 99 0
390 113 0
390 124 0
390 125 0
390 137 0
390 145 0
390 146 0
390 151 0
390 170 0
390 175 0
390 186 0
390 191 0
390 207 0
390 210 0
390 217 0
390 233 0
390 250 0
390 254 0
390 277 0
390 287 0
390 298 0
390 300 0
390 332 0
390 347 0
390 352 0
390 363 0
391 16 0
391 20 0
391 21 0
391 22 0
391 49 0
391 66 0
391 87 0
391 93 0
391 96 0
391 97 0
391 124 0
391 148 0
391 156 0
391 163 0
391 197 0
391 240 0
391 252 0
391 256 0
391 265 0
391 268 0
391 275 0
391 298 0
391 303 0
391 343 0
391 356 0
391 357 0
392 0 0
392 5 0
392 26 0
392 35 0
392 42 0
392 60 0
392 63 0
392 67 0
392 69 0
392 74 0
392 78 0
392 82 0
392 85 0
392 87 0
392 93 0
392 96 0
392 99 0
392 101 0
392 102 0
392 103 0
392 113 0
392 114 0
392 131 0
392 132 0
392 139 0
392 145 0
392 146 0
392 153 0
392 156 0
392 161 0
392 164 0
392 165 0
392 166 0
392 172 0
392 181 0
392 197 0
392 207 0
392 217 0
392 219 0
392 229 0
392 237 0
392 240 0
392 244 0
392 256 0
392 259 0
392 260 0
392 265 0
392 274 0
392 293 0
392 300 0
392 306 0
392 310 0
392 318 0
392 330 0
392 332 0
392 345 0
392 347 0
392 350 0
393 0 0
393 26 0
393 35 0
393 63 0
393 69 0
393 78 0
393 79 0
393 99 0
393 114 0
393 132 0
393 156 0
393 164 0
393 166 0
393 172 0
393 207 0
393 217 0
393 240 0
393 256 0
393 259 0
393 260 0
393 300 0
393 330 0
393 332 0
393 341 0
393 345 0
393 347 0
393 486 0
394 5 0
394 9 0
394 45 0
394 47 0
394 52 0
394 55 0
394 73 0
394 79 0
394 93 0
394 105 0
394 137 0
394 172 0
394 185 0
394 274 0
394 275 0
394 287 0
394 306 0
394 310 0
394 334 0
394 348 0
394 458 0
395 5 0
395 21 0
395 23 0
395 49 0
395 55 0
395 58 0
395 63 0
395 102 0
395 123 0
395 124 0
395 161 0
395 193 0
395 211 0
395 223 0
395 225 0
395 268 0
395 330 0
395 339 0
395 352 0
395 372 0
396 5 0
396 11 0
396 12 0
396 23 0
396 49 0
396 55 0
396 58 0
396 63 0
396 102 0
396 123 0
396 124 0
396 161 0
396 193 0
396 211 0
396 223 0
396 268 0
396 330 0
396 339 0
396 341 0
396 352 0
396 453 0
397 25 0
397 42 0
397 150 0
397 183 0
397 224 0
397 296 0
397 357 0
397 381 0
397 382 0
397 418 0
397 480 0
397 484 0
397 501 0
397 516 0
397 523 0
397 524 0
397 525 0
397 526 0
397 528 0
397 529 0
397 530 0
397 532 0
397 533 0
397 534 0
397 549 0
397 552 0
397 555 0
397 556 0
397 557 0
397 566 0
397 568 0
397 572 0
397 573 0
397 576 0
398 21 0
398 33 0
398 44 0
398 60 0
398 96 0
398 151 0
398 254 0
398 277 0
398 311 0
398 332 0
399 21 0
399 33 0
399 60 0
399 96 0
399 120 0
399 151 0
399 158 0
399 177 0
399 246 0
399 254 0
399 277 0
399 303 0
399 311 0
399 316 0
399 332 0
400 229 0
400 250 0
400 276 0
400 294 0
400 540 0
400 541 0
400 554 0
401 5 0
401 28 0
401 30 0
401 35 0
401 38 0
401 60 0
401 69 0
401 97 0
401 103 0
401 106 0
401 118 0
401 124 0
401 145 0
401 164 0
401 175 0
401 186 0
401 197 0
401 202 0
401 235 0
401 240 0
401 256 0
401 267 0
401 275 0
401 292 0
401 299 0
401 303 0
401 325 0
401 343 0
401 347 0
401 357 0
401 360 0
402 5 0
402 35 0
402 45 0
402 96 0
402 113 0
402 117 0
402 127 0
402 128 0
402 156 0
402 250 0
402 287 0
402 300 0
402 341 0
402 355 0
402 357 0
403 33 0
403 69 0
403 97 0
403 112 0
403 164 0
403 177 0
403 196 0
403 217 0
403 235 0
403 275 0
403 301 0
403 334 0
403 340 0
404 0 0
404 3 0
404 5 0
404 21 0
404 23 0
404 25 0
404 26 0
404 38 0
404 45 0
404 51 0
404 58 0
404 61 0
404 63 0
404 65 0
404 74 0
404 89 0
404 102 0
404 111 0
404 124 0
404 126 0
404 145 0
404 148 0
404 164 0
404 184 0
404 189 0
404 193 0
404 195 0
404 207 0
404 223 0
404 250 0
404 286 0
404 289 0
404 292 0
404 294 0
404 300 0
404 305 0
404 310 0
404 337 0
404 351 0
405 21 0
405 26 0
405 27 0
405 33 0
405 67 0
405 84 0
405 86 0
405 97 0
405 120 0
405 139 0
405 148 0
405 177 0
405 184 0
405 185 0
405 216 0
405 217 0
405 219 0
405 240 0
405 251 0
405 259 0
405 263 0
405 287 0
405 298 0
405 299 0
405 300 0
405 303 0
405 306 0
405 318 0
405 330 0
405 340 0
405 343 0
405 356 0
405 363 0
405 448 0
406 0 0
406 2 0
406 4 0
406 5 0
406 7 0
406 14 0
406 23 0
406 69 0
406 74 0
406 75 0
406 79 0
406 80 0
406 85 0
406 93 0
406 105 0
406 111 0
406 112 0
406 114 0
406 148 0
406 151 0
406 156 0
406 162 0
406 165 0
406 172 0
406 174 0
406 175 0
406 181 0
406 196 0
406 197 0
406 223 0
406 257 0
406 260 0
406 262 0
406 293 0
406 306 0
406 308 0
406 319 0
406 330 0
406 332 0
406 333 0
406 339 0
406 340 0
407 43 0
407 49 0
407 50 0
407 55 0
407 67 0
407 89 0
407 97 0
407 146 0
407 156 0
407 164 0
407 182 0
407 183 0
407 184 0
407 198 0
407 209 0
407 216 0
407 218 0
407 234 0
407 236 0
407 269 0
407 280 0
407 288 0
407 294 0
407 295 0
407 314 0
407 316 0
407 328 0
407 334 0
407 340 0
407 342 0
407 365 0
407 368 0
407 409 0
407 481 0
407 482 0
407 483 0
408 0 0
408 5 0
408 38 0
408 42 0
408 47 0
408 69 0
408 83 0
408 93 0
408 102 0
408 103 0
408 105 0
408 110 0
408 111 0
408 112 0
408 113 0
408 123 0
408 127 0
408 129 0
408 132 0
408 151 0
408 177 0
408 207 0
408 217 0
408 238 0
408 266 0
408 278 0
408 287 0
408 292 0
408 301 0
408 323 0
408 332 0
408 334 0
409 0 0
409 5 0
409 12 0
409 33 0
409 43 0
409 47 0
409 64 0
409 65 0
409 89 0
409 96 0
409 111 0
409 121 0
409 146 0
409 182 0
409 183 0
409 184 0
409 191 0
409 197 0
409 209 0
409 234 0
409 236 0
409 250 0
409 260 0
409 262 0
409 269 0
409 274 0
409 280 0
409 284 0
409 287 0
409 288 0
409 294 0
409 295 0
409 299 0
409 314 0
409 330 0
409 332 0
409 337 0
409 340 0
409 342 0
409 347 0
409 350 0
409 363 0
409 407 0
410 29 0
410 56 0
410 81 0
410 85 0
410 91 0
410 97 0
410 138 0
410 146 0
410 177 0
410 208 0
410 217 0
410 219 0
410 229 0
410 259 0
410 274 0
410 308 0
410 316 0
410 326 0
410 340 0
410 361 0
411 29 0
411 43 0
411 79 0
411 81 0
411 127 0
411 217 0
411 229 0
411 259 0
411 274 0
411 306 0
411 315 0
411 316 0
411 323 0
412 0 0
412 5 0
412 52 0
412 74 0
412 75 0
412 79 0
412 85 0
412 93 0
412 99 0
412 102 0
412 113 0
412 127 0
412 166 0
412 175 0
412 184 0
412 193 0
412 207 0
412 216 0
412 217 0
412 219 0
412 229 0
412 240 0
412 259 0
412 288 0
412 330 0
412 340 0
412 347 0
412 348 0
413 0 0
413 5 0
413 74 0
413 85 0
413 93 0
413 99 0
413 102 0
413 113 0
413 166 0
413 175 0
413 184 0
413 193 0
413 207 0
413 208 0
413 217 0
413 240 0
413 259 0
413 288 0
413 330 0
413 347 0
414 79 0
414 96 0
414 112 0
414 164 0
414 165 0
414 168 0
414 181 0
414 191 0
414 213 0
414 223 0
414 249 0
414 330 0
414 340 0
415 33 0
415 56 0
415 73 0
415 75 0
415 84 0
415 87 0
415 150 0
415 182 0
415 183 0
415 188 0
415 211 0
415 219 0
415 225 0
415 229 0
415 250 0
415 274 0
415 307 0
415 316 0
415 340 0
416 63 0
416 340 0
416 343 0
417 0 0
417 5 0
417 29 0
417 74 0
417 75 0
417 79 0
417 85 0
417 93 0
417 99 0
417 102 0
417 113 0
417 166 0
417 175 0
417 184 0
417 193 0
417 207 0
417 217 0
417 240 0
417 259 0
417 288 0
417 330 0
417 347 0
418 33 0
418 150 0
418 297 0
418 381 0
418 382 0
418 397 0
418 480 0
418 484 0
418 501 0
418 516 0
418 523 0
418 524 0
418 525 0
418 526 0
418 528 0
418 529 0
418 530 0
418 532 0
418 533 0
418 534 0
418 549 0
418 552 0
418 555 0
418 556 0
418 557 0
418 566 0
418 568 0
418 572 0
418 573 0
418 576 0
419 24 0
419 25 0
419 29 0
419 43 0
419 82 0
419 85 0
419 91 0
419 92 0
419 93 0
419 97 0
419 105 0
419 112 0
419 139 0
419 141 0
419 146 0
419 148 0
419 172 0
419 173 0
419 216 0
419 217 0
419 229 0
419 251 0
419 274 0
419 294 0
419 295 0
419 301 0
419 302 0
419 308 0
419 315 0
419 316 0
419 332 0
419 340 0
419 341 0
419 357 0
419 360 0
420 5 0
420 7 0
420 21 0
420 25 0
420 33 0
420 35 0
420 46 0
420 63 0
420 74 0
420 76 0
420 77 0
420 93 0
420 105 0
420 114 0
420 124 0
420 126 0
420 151 0
420 171 0
420 183 0
420 190 0
420 216 0
420 217 0
420 219 0
420 245 0
420 254 0
420 259 0
420 266 0
420 292 0
420 297 0
420 300 0
420 316 0
420 328 0
420 340 0
420 346 0
420 351 0
420 357 0
420 422 0
421 5 0
421 7 0
421 21 0
421 25 0
421 33 0
421 35 0
421 46 0
421 52 0
421 63 0
421 74 0
421 76 0
421 77 0
421 93 0
421 105 0
421 114 0
421 124 0
421 126 0
421 151 0
421 171 0
421 190 0
421 217 0
421 254 0
421 259 0
421 266 0
421 273 0
421 292 0
421 297 0
421 300 0
421 328 0
421 340 0
421 346 0
421 351 0
421 357 0
421 363 0
421 422 0
422 5 0
422 7 0
422 21 0
422 25 0
422 33 0
422 35 0
422 46 0
422 63 0
422 74 0
422 76 0
422 77 0
422 91 0
422 93 0
422 105 0
422 114 0
422 124 0
422 126 0
422 151 0
422 171 0
422 190 0
422 199 0
422 217 0
422 219 0
422 229 0
422 245 0
422 254 0
422 259 0
422 266 0
422 292 0
422 297 0
422 300 0
422 316 0
422 328 0
422 340 0
422 346 0
422 351 0
422 357 0
422 363 0
422 420 0
422 421 0
423 0 0
423 5 0
423 12 0
423 33 0
423 37 0
423 43 0
423 65 0
423 69 0
423 76 0
423 77 0
423 83 0
423 85 0
423 89 0
423 93 0
423 96 0
423 99 0
423 124 0
423 132 0
423 143 0
423 172 0
423 174 0
423 181 0
423 189 0
423 197 0
423 199 0
423 212 0
423 219 0
423 220 0
423 226 0
423 229 0
423 234 0
423 266 0
423 274 0
423 276 0
423 278 0
423 294 0
423 296 0
423 297 0
423 306 0
423 308 0
423 311 0
423 313 0
423 316 0
423 325 0
423 329 0
423 332 0
423 335 0
423 337 0
423 338 0
423 340 0
423 343 0
423 351 0
423 432 0
423 444 0
423 445 0
423 454 0
423 581 0
424 1 0
424 4 0
424 5 0
424 26 0
424 35 0
424 42 0
424 45 0
424 63 0
424 64 0
424 69 0
424 89 0
424 96 0
424 98 0
424 112 0
424 140 0
424 153 0
424 188 0
424 189 0
424 191 0
424 210 0
424 211 0
424 217 0
424 220 0
424 240 0
424 255 0
424 288 0
424 294 0
424 295 0
424 297 0
424 299 0
424 300 0
424 303 0
424 309 0
424 316 0
424 323 0
424 326 0
424 327 0
424 332 0
424 335 0
424 341 0
424 343 0
424 347 0
424 349 0
424 425 0
425 1 0
425 4 0
425 5 0
425 26 0
425 35 0
425 45 0
425 63 0
425 64 0
425 69 0
425 89 0
425 91 0
425 96 0
425 97 0
425 98 0
425 112 0
425 153 0
425 189 0
425 191 0
425 210 0
425 211 0
425 217 0
425 220 0
425 240 0
425 255 0
425 288 0
425 294 0
425 295 0
425 297 0
425 299 0
425 300 0
425 309 0
425 316 0
425 326 0
425 327 0
425 332 0
425 335 0
425 341 0
425 343 0
425 347 0
425 349 0
425 424 0
426 1 0
426 4 0
426 5 0
426 26 0
426 35 0
426 43 0
426 45 0
426 63 0
426 64 0
426 69 0
426 79 0
426 85 0
426 91 0
426 96 0
426 98 0
426 112 0
426 146 0
426 153 0
426 189 0
426 191 0
426 210 0
426 211 0
426 217 0
426 240 0
426 255 0
426 278 0
426 288 0
426 297 0
426 299 0
426 300 0
426 309 0
426 332 0
426 335 0
426 347 0
426 349 0
426 427 0
427 1 0
427 4 0
427 5 0
427 26 0
427 35 0
427 45 0
427 63 0
427 64 0
427 69 0
427 79 0
427 96 0
427 98 0
427 112 0
427 153 0
427 189 0
427 191 0
427 210 0
427 211 0
427 217 0
427 220 0
427 240 0
427 255 0
427 278 0
427 288 0
427 297 0
427 299 0
427 300 0
427 309 0
427 332 0
427 335 0
427 347 0
427 349 0
427 426 0
428 12 0
428 25 0
428 33 0
428 35 0
428 42 0
428 47 0
428 56 0
428 63 0
428 85 0
428 91 0
428 96 0
428 102 0
428 107 0
428 111 0
428 123 0
428 137 0
428 139 0
428 146 0
428 150 0
428 159 0
428 183 0
428 188 0
428 207 0
428 220 0
428 221 0
428 225 0
428 250 0
428 274 0
428 292 0
428 297 0
428 303 0
428 306 0
428 313 0
428 316 0
428 332 0
428 334 0
428 335 0
428 429 0
428 584 0
429 0 0
429 15 0
429 33 0
429 45 0
429 56 0
429 57 0
429 74 0
429 79 0
429 91 0
429 96 0
429 103 0
429 107 0
429 111 0
429 137 0
429 139 0
429 146 0
429 150 0
429 156 0
429 159 0
429 176 0
429 183 0
429 188 0
429 196 0
429 214 0
429 220 0
429 240 0
429 254 0
429 256 0
429 259 0
429 274 0
429 287 0
429 289 0
429 292 0
429 303 0
429 313 0
429 316 0
429 428 0
429 584 0
430 33 0
430 79 0
430 87 0
430 141 0
430 146 0
430 189 0
430 217 0
430 284 0
430 312 0
430 335 0
431 35 0
431 74 0
431 181 0
431 274 0
431 513 0
431 560 0
432 12 0
432 33 0
432 43 0
432 55 0
432 76 0
432 77 0
432 83 0
432 89 0
432 99 0
432 143 0
432 148 0
432 156 0
432 189 0
432 197 0
432 199 0
432 219 0
432 220 0
432 226 0
432 234 0
432 274 0
432 278 0
432 294 0
432 306 0
432 308 0
432 313 0
432 316 0
432 329 0
432 333 0
432 334 0
432 338 0
432 340 0
432 423 0
432 444 0
432 445 0
432 454 0
432 581 0
433 33 0
433 55 0
433 76 0
433 89 0
433 99 0
433 148 0
433 156 0
433 177 0
433 189 0
433 197 0
433 199 0
433 208 0
433 219 0
433 220 0
433 278 0
433 333 0
433 334 0
433 376 0
433 445 0
433 455 0
433 514 0
433 581 0
434 12 0
434 33 0
434 42 0
434 87 0
434 102 0
434 259 0
434 266 0
435 25 0
435 79 0
435 85 0
435 89 0
435 146 0
435 156 0
435 340 0
435 537 0
436 61 0
436 91 0
436 149 0
436 150 0
436 274 0
436 294 0
436 340 0
436 343 0
436 344 0
436 439 0
437 49 0
437 93 0
437 146 0
437 164 0
437 199 0
437 241 0
437 255 0
437 280 0
437 330 0
437 341 0
437 342 0
438 44 0
438 93 0
438 164 0
438 241 0
438 255 0
438 274 0
438 330 0
438 340 0
439 69 0
439 133 0
439 137 0
439 149 0
439 150 0
439 161 0
439 189 0
439 196 0
439 240 0
439 256 0
439 286 0
439 287 0
439 293 0
439 334 0
439 340 0
439 436 0
439 460 0
440 5 0
440 7 0
440 21 0
440 25 0
440 33 0
440 35 0
440 46 0
440 63 0
440 74 0
440 76 0
440 77 0
440 81 0
440 93 0
440 105 0
440 114 0
440 124 0
440 126 0
440 140 0
440 151 0
440 171 0
440 190 0
440 217 0
440 219 0
440 254 0
440 259 0
440 266 0
440 292 0
440 297 0
440 300 0
440 306 0
440 328 0
440 346 0
440 351 0
440 357 0
440 558 0
441 33 0
441 49 0
441 82 0
441 147 0
441 154 0
441 197 0
441 219 0
441 250 0
441 296 0
441 340 0
442 33 0
442 49 0
442 82 0
442 92 0
442 127 0
442 152 0
442 154 0
442 197 0
442 205 0
442 247 0
442 250 0
442 296 0
443 0 0
443 5 0
443 17 0
443 31 0
443 34 0
443 35 0
443 36 0
443 47 0
443 56 0
443 69 0
443 71 0
443 79 0
443 85 0
443 105 0
443 106 0
443 111 0
443 112 0
443 116 0
443 131 0
443 146 0
443 191 0
443 196 0
443 209 0
443 223 0
443 229 0
443 238 0
443 261 0
443 268 0
443 274 0
443 275 0
443 288 0
443 308 0
443 314 0
443 330 0
443 343 0
443 351 0
443 459 0
444 0 0
444 12 0
444 21 0
444 33 0
444 38 0
444 43 0
444 55 0
444 63 0
444 69 0
444 73 0
444 76 0
444 77 0
444 83 0
444 89 0
444 93 0
444 96 0
444 99 0
444 101 0
444 103 0
444 124 0
444 132 0
444 143 0
444 145 0
444 148 0
444 156 0
444 161 0
444 167 0
444 181 0
444 189 0
444 197 0
444 199 0
444 217 0
444 219 0
444 220 0
444 226 0
444 234 0
444 256 0
444 257 0
444 259 0
444 274 0
444 278 0
444 292 0
444 294 0
444 306 0
444 308 0
444 313 0
444 316 0
444 329 0
444 332 0
444 334 0
444 338 0
444 340 0
444 423 0
444 432 0
444 445 0
444 454 0
444 581 0
445 0 0
445 12 0
445 21 0
445 33 0
445 38 0
445 43 0
445 55 0
445 63 0
445 69 0
445 73 0
445 76 0
445 77 0
445 83 0
445 89 0
445 93 0
445 96 0
445 99 0
445 101 0
445 103 0
445 124 0
445 132 0
445 143 0
445 145 0
445 148 0
445 156 0
445 161 0
445 167 0
445 181 0
445 189 0
445 197 0
445 199 0
445 208 0
445 217 0
445 219 0
445 220 0
445 226 0
445 234 0
445 256 0
445 257 0
445 259 0
445 274 0
445 278 0
445 292 0
445 294 0
445 303 0
445 306 0
445 308 0
445 313 0
445 316 0
445 329 0
445 332 0
445 334 0
445 338 0
445 340 0
445 376 0
445 423 0
445 432 0
445 433 0
445 444 0
445 454 0
445 455 0
445 514 0
445 581 0
446 21 0
446 26 0
446 33 0
446 67 0
446 75 0
446 86 0
446 97 0
446 119 0
446 120 0
446 128 0
446 138 0
446 139 0
446 141 0
446 148 0
446 150 0
446 177 0
446 183 0
446 184 0
446 216 0
446 217 0
446 229 0
446 240 0
446 251 0
446 259 0
446 263 0
446 287 0
446 291 0
446 294 0
446 298 0
446 299 0
446 300 0
446 306 0
446 318 0
446 330 0
446 340 0
446 341 0
446 342 0
446 343 0
446 356 0
446 363 0
446 447 0
446 538 0
447 0 0
447 38 0
447 47 0
447 66 0
447 69 0
447 75 0
447 77 0
447 79 0
447 83 0
447 94 0
447 97 0
447 111 0
447 119 0
447 120 0
447 128 0
447 138 0
447 139 0
447 141 0
447 150 0
447 177 0
447 181 0
447 183 0
447 184 0
447 190 0
447 191 0
447 196 0
447 197 0
447 216 0
447 229 0
447 235 0
447 242 0
447 248 0
447 266 0
447 274 0
447 289 0
447 291 0
447 294 0
447 297 0
447 298 0
447 299 0
447 300 0
447 301 0
447 303 0
447 306 0
447 340 0
447 341 0
447 342 0
447 343 0
447 347 0
447 351 0
447 363 0
447 446 0
447 538 0
448 0 0
448 27 0
448 38 0
448 47 0
448 66 0
448 69 0
448 84 0
448 88 0
448 97 0
448 111 0
448 120 0
448 128 0
448 139 0
448 150 0
448 177 0
448 181 0
448 183 0
448 184 0
448 190 0
448 191 0
448 196 0
448 197 0
448 216 0
448 219 0
448 227 0
448 235 0
448 242 0
448 248 0
448 261 0
448 266 0
448 289 0
448 291 0
448 297 0
448 298 0
448 299 0
448 300 0
448 301 0
448 303 0
448 306 0
448 316 0
448 340 0
448 343 0
448 347 0
448 351 0
448 363 0
448 405 0
449 71 0
449 76 0
449 332 0
449 340 0
449 341 0
449 342 0
450 5 0
450 15 0
450 21 0
450 47 0
450 62 0
450 64 0
450 65 0
450 74 0
450 78 0
450 87 0
450 93 0
450 96 0
450 111 0
450 135 0
450 137 0
450 156 0
450 161 0
450 164 0
450 166 0
450 172 0
450 191 0
450 193 0
450 197 0
450 248 0
450 277 0
450 287 0
450 299 0
450 307 0
450 330 0
450 332 0
450 335 0
450 344 0
450 347 0
450 351 0
450 352 0
451 5 0
451 25 0
451 33 0
451 38 0
451 45 0
451 74 0
451 87 0
451 146 0
451 157 0
451 164 0
451 170 0
451 208 0
451 240 0
451 250 0
451 252 0
451 259 0
451 289 0
451 296 0
451 307 0
451 316 0
451 332 0
451 335 0
452 29 0
452 38 0
452 143 0
452 146 0
452 172 0
452 175 0
452 274 0
452 310 0
452 325 0
452 334 0
452 340 0
452 341 0
452 342 0
452 343 0
452 351 0
452 357 0
453 0 0
453 19 0
453 25 0
453 33 0
453 35 0
453 45 0
453 47 0
453 78 0
453 111 0
453 113 0
453 132 0
453 135 0
453 153 0
453 163 0
453 164 0
453 183 0
453 197 0
453 207 0
453 225 0
453 233 0
453 237 0
453 240 0
453 299 0
453 300 0
453 314 0
453 334 0
453 351 0
453 396 0
454 0 0
454 5 0
454 12 0
454 33 0
454 37 0
454 43 0
454 65 0
454 69 0
454 76 0
454 77 0
454 83 0
454 85 0
454 89 0
454 93 0
454 96 0
454 99 0
454 124 0
454 132 0
454 143 0
454 146 0
454 172 0
454 174 0
454 181 0
454 189 0
454 197 0
454 199 0
454 212 0
454 219 0
454 220 0
454 226 0
454 234 0
454 266 0
454 274 0
454 276 0
454 278 0
454 294 0
454 296 0
454 297 0
454 306 0
454 308 0
454 311 0
454 313 0
454 316 0
454 325 0
454 329 0
454 332 0
454 335 0
454 337 0
454 338 0
454 340 0
454 343 0
454 351 0
454 423 0
454 432 0
454 444 0
454 445 0
454 581 0
455 0 0
455 5 0
455 33 0
455 37 0
455 65 0
455 69 0
455 76 0
455 79 0
455 85 0
455 89 0
455 93 0
455 96 0
455 99 0
455 124 0
455 132 0
455 172 0
455 174 0
455 181 0
455 189 0
455 197 0
455 199 0
455 208 0
455 212 0
455 219 0
455 220 0
455 266 0
455 276 0
455 278 0
455 296 0
455 297 0
455 311 0
455 325 0
455 332 0
455 335 0
455 337 0
455 343 0
455 351 0
455 376 0
455 433 0
455 445 0
455 514 0
455 581 0
456 12 0
456 52 0
456 53 0
456 84 0
456 89 0
456 91 0
456 95 0
456 105 0
456 112 0
456 122 0
456 146 0
456 152 0
456 156 0
456 177 0
456 183 0
456 184 0
456 197 0
456 205 0
456 229 0
456 242 0
456 247 0
456 262 0
456 273 0
456 274 0
456 275 0
456 279 0
456 281 0
456 294 0
456 297 0
456 303 0
456 308 0
456 310 0
456 316 0
456 326 0
456 327 0
456 330 0
456 331 0
456 332 0
456 333 0
456 362 0
457 25 0
457 83 0
457 85 0
457 146 0
457 229 0
457 340 0
457 354 0
458 5 0
458 9 0
458 21 0
458 45 0
458 47 0
458 52 0
458 55 0
458 63 0
458 73 0
458 79 0
458 93 0
458 105 0
458 137 0
458 156 0
458 163 0
458 172 0
458 207 0
458 221 0
458 233 0
458 240 0
458 274 0
458 275 0
458 287 0
458 310 0
458 328 0
458 332 0
458 334 0
458 394 0
459 59 0
459 61 0
459 79 0
459 118 0
459 146 0
459 164 0
459 181 0
459 184 0
459 209 0
459 229 0
459 261 0
459 300 0
459 314 0
459 316 0
459 329 0
459 333 0
459 343 0
459 357 0
459 443 0
460 40 0
460 61 0
460 340 0
460 344 0
460 439 0
461 0 0
461 1 0
461 5 0
461 8 0
461 12 0
461 21 0
461 35 0
461 38 0
461 47 0
461 69 0
461 87 0
461 99 0
461 104 0
461 113 0
461 124 0
461 125 0
461 137 0
461 145 0
461 151 0
461 156 0
461 170 0
461 175 0
461 186 0
461 191 0
461 207 0
461 210 0
461 217 0
461 233 0
461 250 0
461 254 0
461 277 0
461 287 0
461 297 0
461 300 0
461 332 0
461 337 0
461 347 0
461 352 0
461 462 0
462 72 0
462 97 0
462 111 0
462 190 0
462 228 0
462 271 0
462 300 0
462 320 0
462 332 0
462 461 0
463 49 0
463 55 0
463 69 0
463 73 0
463 75 0
463 97 0
463 132 0
463 146 0
463 151 0
463 190 0
463 210 0
463 259 0
463 287 0
463 289 0
463 292 0
463 316 0
464 0 0
464 35 0
464 39 0
464 69 0
464 79 0
464 105 0
464 124 0
464 229 0
464 256 0
464 289 0
464 300 0
464 302 0
464 332 0
464 337 0
465 5 0
465 14 0
465 64 0
465 89 0
465 93 0
465 189 0
465 215 0
465 219 0
465 225 0
465 274 0
465 303 0
465 306 0
465 308 0
465 316 0
465 322 0
465 340 0
465 347 0
466 35 0
466 61 0
466 64 0
466 89 0
466 112 0
466 154 0
466 177 0
466 208 0
466 217 0
466 219 0
466 220 0
466 230 0
466 242 0
466 251 0
466 272 0
466 274 0
466 278 0
466 299 0
466 301 0
466 302 0
466 334 0
466 340 0
466 361 0
466 467 0
467 35 0
467 61 0
467 64 0
467 89 0
467 91 0
467 112 0
467 147 0
467 154 0
467 177 0
467 208 0
467 217 0
467 219 0
467 242 0
467 251 0
467 272 0
467 274 0
467 299 0
467 301 0
467 302 0
467 334 0
467 340 0
467 361 0
467 466 0
468 42 0
468 43 0
468 58 0
468 76 0
468 99 0
468 144 0
468 148 0
468 189 0
468 217 0
468 274 0
468 278 0
468 284 0
468 308 0
468 323 0
468 332 0
468 343 0
469 5 0
469 16 0
469 61 0
469 76 0
469 86 0
469 113 0
469 146 0
469 177 0
469 229 0
469 239 0
469 274 0
469 286 0
469 288 0
469 340 0
469 545 0
470 0 0
470 5 0
470 42 0
470 52 0
470 60 0
470 67 0
470 69 0
470 74 0
470 79 0
470 82 0
470 85 0
470 87 0
470 93 0
470 96 0
470 97 0
470 101 0
470 102 0
470 103 0
470 112 0
470 113 0
470 127 0
470 131 0
470 132 0
470 145 0
470 146 0
470 153 0
470 161 0
470 165 0
470 172 0
470 177 0
470 181 0
470 197 0
470 203 0
470 206 0
470 207 0
470 219 0
470 244 0
470 265 0
470 274 0
470 278 0
470 279 0
470 293 0
470 306 0
470 308 0
470 310 0
470 318 0
470 330 0
470 332 0
470 350 0
470 472 0
470 476 0
471 0 0
471 5 0
471 42 0
471 60 0
471 67 0
471 69 0
471 74 0
471 75 0
471 76 0
471 82 0
471 85 0
471 87 0
471 90 0
471 93 0
471 96 0
471 101 0
471 102 0
471 103 0
471 113 0
471 131 0
471 132 0
471 145 0
471 146 0
471 153 0
471 161 0
471 165 0
471 172 0
471 177 0
471 181 0
471 182 0
471 197 0
471 206 0
471 207 0
471 219 0
471 229 0
471 244 0
471 265 0
471 274 0
471 293 0
471 306 0
471 310 0
471 316 0
471 318 0
471 330 0
471 332 0
471 340 0
471 350 0
471 472 0
471 477 0
472 6 0
472 19 0
472 21 0
472 61 0
472 69 0
472 76 0
472 79 0
472 85 0
472 90 0
472 123 0
472 124 0
472 125 0
472 127 0
472 145 0
472 146 0
472 155 0
472 156 0
472 164 0
472 167 0
472 172 0
472 191 0
472 198 0
472 203 0
472 206 0
472 211 0
472 219 0
472 220 0
472 229 0
472 240 0
472 249 0
472 256 0
472 265 0
472 274 0
472 278 0
472 279 0
472 284 0
472 287 0
472 306 0
472 316 0
472 346 0
472 347 0
472 470 0
472 471 0
472 476 0
472 477 0
473 2 0
473 6 0
473 9 0
473 13 0
473 15 0
473 18 0
473 19 0
473 28 0
473 30 0
473 35 0
473 42 0
473 66 0
473 73 0
473 76 0
473 77 0
473 102 0
473 103 0
473 108 0
473 110 0
473 123 0
473 136 0
473 175 0
473 177 0
473 199 0
473 219 0
473 220 0
473 223 0
473 235 0
473 256 0
473 265 0
473 282 0
473 296 0
473 297 0
473 325 0
473 330 0
473 343 0
473 357 0
473 377 0
473 583 0
474 0 0
474 6 0
474 15 0
474 26 0
474 33 0
474 38 0
474 42 0
474 46 0
474 55 0
474 65 0
474 67 0
474 69 0
474 71 0
474 77 0
474 85 0
474 86 0
474 96 0
474 97 0
474 146 0
474 175 0
474 181 0
474 189 0
474 193 0
474 196 0
474 197 0
474 211 0
474 219 0
474 263 0
474 276 0
474 294 0
474 316 0
474 323 0
474 340 0
474 356 0
475 0 0
475 6 0
475 15 0
475 26 0
475 33 0
475 38 0
475 46 0
475 55 0
475 65 0
475 67 0
475 69 0
475 71 0
475 85 0
475 86 0
475 96 0
475 175 0
475 181 0
475 189 0
475 193 0
475 196 0
475 197 0
475 211 0
475 219 0
475 263 0
475 276 0
475 356 0
476 0 0
476 1 0
476 5 0
476 12 0
476 17 0
476 21 0
476 35 0
476 38 0
476 79 0
476 85 0
476 87 0
476 97 0
476 99 0
476 103 0
476 111 0
476 113 0
476 127 0
476 137 0
476 145 0
476 146 0
476 148 0
476 151 0
476 156 0
476 161 0
476 162 0
476 175 0
476 186 0
476 191 0
476 192 0
476 203 0
476 206 0
476 207 0
476 219 0
476 220 0
476 233 0
476 250 0
476 259 0
476 274 0
476 277 0
476 278 0
476 279 0
476 287 0
476 294 0
476 300 0
476 306 0
476 332 0
476 340 0
476 343 0
476 347 0
476 352 0
476 357 0
476 470 0
476 472 0
477 0 0
477 1 0
477 5 0
477 17 0
477 21 0
477 35 0
477 38 0
477 75 0
477 76 0
477 77 0
477 85 0
477 87 0
477 90 0
477 99 0
477 103 0
477 111 0
477 113 0
477 137 0
477 145 0
477 148 0
477 151 0
477 156 0
477 161 0
477 162 0
477 175 0
477 186 0
477 191 0
477 192 0
477 206 0
477 207 0
477 220 0
477 229 0
477 233 0
477 250 0
477 259 0
477 274 0
477 277 0
477 287 0
477 300 0
477 316 0
477 332 0
477 340 0
477 347 0
477 352 0
477 357 0
477 471 0
477 472 0
478 71 0
478 73 0
478 112 0
478 219 0
479 75 0
479 220 0
479 233 0
479 339 0
480 2 0
480 21 0
480 33 0
480 74 0
480 117 0
480 123 0
480 126 0
480 150 0
480 233 0
480 248 0
480 252 0
480 277 0
480 332 0
480 351 0
480 381 0
480 382 0
480 397 0
480 418 0
480 484 0
480 501 0
480 516 0
480 523 0
480 524 0
480 525 0
480 526 0
480 528 0
480 529 0
480 530 0
480 532 0
480 533 0
480 534 0
480 549 0
480 552 0
480 555 0
480 556 0
480 557 0
480 566 0
480 568 0
480 572 0
480 573 0
480 576 0
481 3 0
481 5 0
481 21 0
481 33 0
481 42 0
481 49 0
481 50 0
481 51 0
481 76 0
481 94 0
481 96 0
481 102 0
481 112 0
481 114 0
481 115 0
481 134 0
481 137 0
481 141 0
481 147 0
481 148 0
481 156 0
481 160 0
481 176 0
481 189 0
481 191 0
481 192 0
481 208 0
481 212 0
481 218 0
481 219 0
481 229 0
481 238 0
481 244 0
481 249 0
481 250 0
481 266 0
481 305 0
481 307 0
481 310 0
481 315 0
481 316 0
481 324 0
481 330 0
481 340 0
481 351 0
481 360 0
481 482 0
482 3 0
482 5 0
482 21 0
482 33 0
482 42 0
482 49 0
482 50 0
482 51 0
482 85 0
482 94 0
482 96 0
482 102 0
482 112 0
482 114 0
482 115 0
482 128 0
482 134 0
482 137 0
482 141 0
482 146 0
482 148 0
482 156 0
482 160 0
482 172 0
482 176 0
482 178 0
482 189 0
482 191 0
482 192 0
482 208 0
482 212 0
482 218 0
482 219 0
482 229 0
482 237 0
482 244 0
482 249 0
482 250 0
482 262 0
482 266 0
482 294 0
482 303 0
482 306 0
482 307 0
482 310 0
482 312 0
482 314 0
482 316 0
482 324 0
482 330 0
482 351 0
482 359 0
482 360 0
482 365 0
482 368 0
482 481 0
482 483 0
483 3 0
483 5 0
483 21 0
483 33 0
483 49 0
483 50 0
483 51 0
483 85 0
483 94 0
483 96 0
483 102 0
483 112 0
483 114 0
483 115 0
483 137 0
483 141 0
483 146 0
483 148 0
483 156 0
483 160 0
483 176 0
483 189 0
483 191 0
483 192 0
483 212 0
483 218 0
483 219 0
483 229 0
483 244 0
483 249 0
483 250 0
483 266 0
483 274 0
483 306 0
483 307 0
483 310 0
483 316 0
483 323 0
483 324 0
483 330 0
483 351 0
483 360 0
483 365 0
483 368 0
483 481 0
483 482 0
484 25 0
484 26 0
484 33 0
484 69 0
484 71 0
484 73 0
484 96 0
484 99 0
484 105 0
484 125 0
484 135 0
484 136 0
484 145 0
484 160 0
484 181 0
484 248 0
484 277 0
484 292 0
484 303 0
484 310 0
484 334 0
484 340 0
484 343 0
484 349 0
484 356 0
484 357 0
484 381 0
484 382 0
484 397 0
484 418 0
484 480 0
484 501 0
484 516 0
484 523 0
484 524 0
484 525 0
484 526 0
484 528 0
484 529 0
484 530 0
484 532 0
484 533 0
484 534 0
484 549 0
484 552 0
484 555 0
484 556 0
484 557 0
484 566 0
484 568 0
484 572 0
484 573 0
484 576 0
485 0 0
485 26 0
485 35 0
485 63 0
485 69 0
485 78 0
485 99 0
485 114 0
485 132 0
485 146 0
485 156 0
485 164 0
485 166 0
485 172 0
485 207 0
485 217 0
485 229 0
485 240 0
485 256 0
485 259 0
485 260 0
485 261 0
485 300 0
485 303 0
485 330 0
485 332 0
485 345 0
485 347 0
486 0 0
486 26 0
486 35 0
486 63 0
486 69 0
486 78 0
486 79 0
486 99 0
486 114 0
486 132 0
486 156 0
486 164 0
486 166 0
486 172 0
486 207 0
486 217 0
486 240 0
486 256 0
486 259 0
486 260 0
486 300 0
486 330 0
486 332 0
486 345 0
486 347 0
486 393 0
487 0 0
487 33 0
487 37 0
487 52 0
487 72 0
487 74 0
487 85 0
487 86 0
487 93 0
487 106 0
487 171 0
487 174 0
487 189 0
487 197 0
487 217 0
487 226 0
487 260 0
487 295 0
487 303 0
487 311 0
487 332 0
487 337 0
487 350 0
487 351 0
487 488 0
487 489 0
487 490 0
487 515 0
488 0 0
488 33 0
488 37 0
488 72 0
488 74 0
488 85 0
488 86 0
488 93 0
488 106 0
488 171 0
488 174 0
488 189 0
488 197 0
488 217 0
488 226 0
488 260 0
488 269 0
488 295 0
488 303 0
488 311 0
488 332 0
488 337 0
488 350 0
488 351 0
488 487 0
488 489 0
488 490 0
488 515 0
489 0 0
489 33 0
489 37 0
489 72 0
489 74 0
489 85 0
489 86 0
489 93 0
489 96 0
489 102 0
489 106 0
489 171 0
489 174 0
489 181 0
489 189 0
489 190 0
489 197 0
489 217 0
489 226 0
489 260 0
489 277 0
489 295 0
489 303 0
489 311 0
489 332 0
489 337 0
489 350 0
489 351 0
489 356 0
489 487 0
489 488 0
489 490 0
489 515 0
490 0 0
490 33 0
490 37 0
490 72 0
490 74 0
490 85 0
490 86 0
490 93 0
490 106 0
490 171 0
490 174 0
490 189 0
490 197 0
490 217 0
490 226 0
490 260 0
490 295 0
490 303 0
490 311 0
490 332 0
490 337 0
490 350 0
490 351 0
490 487 0
490 488 0
490 489 0
490 515 0
491 2 0
491 5 0
491 25 0
491 28 0
491 35 0
491 37 0
491 45 0
491 63 0
491 66 0
491 75 0
491 79 0
491 87 0
491 90 0
491 97 0
491 103 0
491 117 0
491 123 0
491 132 0
491 136 0
491 181 0
491 191 0
491 197 0
491 201 0
491 218 0
491 219 0
491 235 0
491 240 0
491 241 0
491 244 0
491 249 0
491 288 0
491 292 0
491 335 0
491 355 0
492 2 0
492 5 0
492 25 0
492 28 0
492 35 0
492 37 0
492 45 0
492 63 0
492 66 0
492 85 0
492 87 0
492 97 0
492 103 0
492 117 0
492 123 0
492 132 0
492 136 0
492 146 0
492 181 0
492 191 0
492 197 0
492 201 0
492 218 0
492 219 0
492 229 0
492 235 0
492 240 0
492 241 0
492 244 0
492 249 0
492 274 0
492 288 0
492 292 0
492 335 0
492 355 0
492 494 0
493 5 0
493 25 0
493 28 0
493 35 0
493 37 0
493 42 0
493 63 0
493 66 0
493 75 0
493 79 0
493 87 0
493 103 0
493 117 0
493 123 0
493 132 0
493 136 0
493 191 0
493 197 0
493 201 0
493 218 0
493 229 0
493 235 0
493 240 0
493 241 0
493 244 0
493 249 0
493 288 0
493 292 0
493 316 0
493 335 0
493 355 0
493 495 0
494 2 0
494 5 0
494 25 0
494 28 0
494 35 0
494 37 0
494 45 0
494 63 0
494 66 0
494 85 0
494 87 0
494 97 0
494 103 0
494 117 0
494 122 0
494 123 0
494 130 0
494 132 0
494 136 0
494 140 0
494 146 0
494 181 0
494 191 0
494 197 0
494 201 0
494 218 0
494 219 0
494 227 0
494 235 0
494 240 0
494 241 0
494 244 0
494 249 0
494 288 0
494 292 0
494 294 0
494 335 0
494 355 0
494 492 0
495 2 0
495 5 0
495 25 0
495 28 0
495 35 0
495 37 0
495 45 0
495 56 0
495 63 0
495 66 0
495 79 0
495 87 0
495 103 0
495 117 0
495 123 0
495 130 0
495 132 0
495 136 0
495 181 0
495 188 0
495 191 0
495 197 0
495 201 0
495 218 0
495 235 0
495 240 0
495 241 0
495 244 0
495 249 0
495 288 0
495 292 0
495 335 0
495 355 0
495 493 0
496 27 0
496 42 0
496 43 0
496 69 0
496 83 0
496 91 0
496 97 0
496 105 0
496 112 0
496 137 0
496 140 0
496 177 0
496 183 0
496 197 0
496 276 0
496 277 0
496 279 0
496 294 0
496 307 0
496 320 0
496 360 0
497 2 0
497 6 0
497 12 0
497 15 0
497 19 0
497 28 0
497 30 0
497 35 0
497 42 0
497 66 0
497 73 0
497 79 0
497 102 0
497 103 0
497 108 0
497 110 0
497 123 0
497 136 0
497 175 0
497 219 0
497 223 0
497 235 0
497 256 0
497 265 0
497 282 0
497 296 0
497 297 0
497 325 0
497 330 0
497 343 0
497 357 0
498 16 0
498 33 0
498 45 0
498 52 0
498 63 0
498 65 0
498 69 0
498 91 0
498 93 0
498 151 0
498 153 0
498 171 0
498 184 0
498 220 0
498 240 0
498 306 0
498 332 0
498 343 0
498 355 0
499 16 0
499 33 0
499 45 0
499 63 0
499 65 0
499 69 0
499 93 0
499 151 0
499 153 0
499 171 0
499 177 0
499 184 0
499 240 0
499 332 0
499 343 0
499 355 0
500 271 0
500 301 0
500 303 0
501 16 0
501 67 0
501 82 0
501 102 0
501 179 0
501 248 0
501 250 0
501 256 0
501 296 0
501 331 0
501 381 0
501 382 0
501 397 0
501 418 0
501 480 0
501 484 0
501 516 0
501 523 0
501 524 0
501 525 0
501 526 0
501 528 0
501 529 0
501 530 0
501 532 0
501 533 0
501 534 0
501 549 0
501 552 0
501 555 0
501 556 0
501 557 0
501 566 0
501 568 0
501 572 0
501 573 0
501 576 0
502 0 0
502 5 0
502 23 0
502 26 0
502 39 0
502 45 0
502 55 0
502 61 0
502 73 0
502 135 0
502 156 0
502 160 0
502 161 0
502 175 0
502 181 0
502 210 0
502 212 0
502 220 0
502 233 0
502 275 0
502 283 0
502 285 0
502 296 0
502 297 0
502 310 0
502 337 0
502 343 0
503 124 0
503 147 0
503 156 0
503 334 0
504 38 0
504 50 0
504 52 0
504 79 0
504 172 0
504 220 0
504 302 0
504 357 0
504 363 0
504 365 0
504 368 0
504 481 0
504 482 0
504 483 0
505 49 0
505 96 0
505 103 0
505 170 0
505 196 0
505 240 0
505 267 0
505 302 0
505 308 0
505 328 0
505 334 0
506 0 0
506 19 0
506 72 0
506 123 0
506 187 0
506 197 0
506 220 0
506 231 0
506 297 0
506 299 0
506 343 0
507 0 0
507 2 0
507 4 0
507 5 0
507 21 0
507 33 0
507 63 0
507 71 0
507 74 0
507 85 0
507 93 0
507 99 0
507 102 0
507 105 0
507 108 0
507 151 0
507 156 0
507 170 0
507 172 0
507 174 0
507 181 0
507 190 0
507 197 0
507 207 0
507 229 0
507 235 0
507 257 0
507 276 0
507 297 0
507 300 0
507 304 0
507 334 0
507 352 0
508 8 0
508 23 0
508 96 0
508 103 0
508 113 0
508 161 0
508 172 0
508 276 0
508 288 0
508 300 0
508 308 0
508 319 0
509 47 0
509 105 0
509 156 0
509 189 0
509 250 0
509 358 0
510 42 0
510 56 0
510 77 0
510 83 0
510 97 0
510 112 0
510 113 0
510 114 0
510 122 0
510 138 0
510 141 0
510 150 0
510 187 0
510 207 0
510 219 0
510 223 0
510 229 0
510 235 0
510 238 0
510 274 0
510 288 0
510 290 0
510 298 0
510 299 0
510 300 0
510 310 0
510 315 0
510 316 0
510 326 0
510 340 0
510 341 0
510 342 0
511 19 0
511 76 0
511 113 0
511 114 0
511 122 0
511 187 0
511 207 0
511 223 0
511 235 0
511 250 0
511 288 0
511 298 0
511 300 0
511 306 0
511 310 0
511 340 0
512 24 0
512 25 0
512 105 0
512 127 0
512 146 0
512 196 0
512 207 0
512 223 0
512 252 0
512 300 0
512 310 0
512 330 0
512 332 0
512 343 0
512 351 0
513 16 0
513 63 0
513 67 0
513 82 0
513 102 0
513 179 0
513 248 0
513 250 0
513 256 0
513 296 0
513 307 0
513 331 0
513 431 0
513 560 0
514 2 0
514 6 0
514 15 0
514 19 0
514 28 0
514 30 0
514 35 0
514 42 0
514 66 0
514 73 0
514 76 0
514 89 0
514 102 0
514 103 0
514 108 0
514 110 0
514 123 0
514 136 0
514 175 0
514 199 0
514 208 0
514 220 0
514 223 0
514 235 0
514 256 0
514 265 0
514 278 0
514 282 0
514 296 0
514 297 0
514 325 0
514 330 0
514 343 0
514 357 0
514 376 0
514 433 0
514 445 0
514 455 0
514 581 0
515 2 0
515 6 0
515 15 0
515 19 0
515 28 0
515 30 0
515 35 0
515 42 0
515 66 0
515 73 0
515 102 0
515 103 0
515 108 0
515 110 0
515 123 0
515 136 0
515 175 0
515 223 0
515 226 0
515 235 0
515 256 0
515 260 0
515 265 0
515 282 0
515 295 0
515 296 0
515 297 0
515 303 0
515 325 0
515 330 0
515 343 0
515 357 0
515 487 0
515 488 0
515 489 0
515 490 0
516 0 0
516 2 0
516 21 0
516 26 0
516 35 0
516 42 0
516 43 0
516 113 0
516 150 0
516 161 0
516 193 0
516 196 0
516 211 0
516 296 0
516 301 0
516 347 0
516 352 0
516 381 0
516 382 0
516 397 0
516 418 0
516 480 0
516 484 0
516 501 0
516 523 0
516 524 0
516 525 0
516 526 0
516 528 0
516 529 0
516 530 0
516 532 0
516 533 0
516 534 0
516 549 0
516 552 0
516 555 0
516 556 0
516 557 0
516 566 0
516 568 0
516 572 0
516 573 0
516 576 0
517 5 0
517 33 0
517 47 0
517 163 0
517 189 0
517 210 0
517 223 0
517 316 0
518 47 0
518 49 0
518 63 0
518 93 0
518 124 0
518 197 0
518 210 0
518 219 0
518 297 0
518 303 0
518 330 0
518 343 0
518 519 0
518 520 0
519 0 0
519 33 0
519 37 0
519 56 0
519 72 0
519 74 0
519 85 0
519 86 0
519 93 0
519 106 0
519 146 0
519 171 0
519 174 0
519 188 0
519 189 0
519 197 0
519 217 0
519 219 0
519 311 0
519 332 0
519 337 0
519 343 0
519 350 0
519 351 0
519 360 0
519 518 0
519 520 0
520 0 0
520 33 0
520 37 0
520 52 0
520 56 0
520 72 0
520 74 0
520 85 0
520 86 0
520 93 0
520 106 0
520 146 0
520 171 0
520 174 0
520 188 0
520 189 0
520 197 0
520 200 0
520 217 0
520 219 0
520 306 0
520 311 0
520 332 0
520 337 0
520 343 0
520 350 0
520 351 0
520 518 0
520 519 0
521 5 0
521 14 0
521 15 0
521 21 0
521 26 0
521 32 0
521 42 0
521 43 0
521 103 0
521 113 0
521 151 0
521 196 0
521 210 0
521 211 0
521 242 0
521 256 0
521 296 0
521 321 0
521 337 0
521 341 0
521 347 0
521 349 0
521 352 0
521 356 0
522 14 0
522 33 0
522 54 0
522 163 0
522 170 0
522 184 0
522 197 0
522 298 0
522 321 0
523 43 0
523 137 0
523 142 0
523 150 0
523 223 0
523 240 0
523 266 0
523 381 0
523 382 0
523 397 0
523 418 0
523 480 0
523 484 0
523 501 0
523 516 0
523 524 0
523 525 0
523 526 0
523 528 0
523 529 0
523 530 0
523 532 0
523 533 0
523 534 0
523 549 0
523 552 0
523 555 0
523 556 0
523 557 0
523 566 0
523 568 0
523 572 0
523 573 0
523 576 0
524 43 0
524 137 0
524 150 0
524 223 0
524 240 0
524 266 0
524 381 0
524 382 0
524 397 0
524 418 0
524 480 0
524 484 0
524 501 0
524 516 0
524 523 0
524 525 0
524 526 0
524 528 0
524 529 0
524 530 0
524 532 0
524 533 0
524 534 0
524 549 0
524 552 0
524 555 0
524 556 0
524 557 0
524 566 0
524 568 0
524 572 0
524 573 0
524 576 0
525 0 0
525 38 0
525 78 0
525 137 0
525 146 0
525 150 0
525 154 0
525 295 0
525 381 0
525 382 0
525 397 0
525 418 0
525 480 0
525 484 0
525 501 0
525 516 0
525 523 0
525 524 0
525 526 0
525 528 0
525 529 0
525 530 0
525 532 0
525 533 0
525 534 0
525 549 0
525 552 0
525 555 0
525 556 0
525 557 0
525 566 0
525 568 0
525 572 0
525 573 0
525 576 0
526 5 0
526 23 0
526 61 0
526 103 0
526 150 0
526 217 0
526 334 0
526 351 0
526 381 0
526 382 0
526 397 0
526 418 0
526 480 0
526 484 0
526 501 0
526 516 0
526 523 0
526 524 0
526 525 0
526 528 0
526 529 0
526 530 0
526 532 0
526 533 0
526 534 0
526 549 0
526 552 0
526 555 0
526 556 0
526 557 0
526 566 0
526 568 0
526 572 0
526 573 0
526 576 0
527 66 0
527 69 0
527 274 0
528 5 0
528 55 0
528 78 0
528 103 0
528 150 0
528 161 0
528 250 0
528 300 0
528 334 0
528 335 0
528 381 0
528 382 0
528 397 0
528 418 0
528 480 0
528 484 0
528 501 0
528 516 0
528 523 0
528 524 0
528 525 0
528 526 0
528 529 0
528 530 0
528 532 0
528 533 0
528 534 0
528 549 0
528 552 0
528 555 0
528 556 0
528 557 0
528 566 0
528 568 0
528 572 0
528 573 0
528 576 0
529 25 0
529 26 0
529 33 0
529 69 0
529 71 0
529 73 0
529 96 0
529 99 0
529 105 0
529 125 0
529 135 0
529 136 0
529 145 0
529 150 0
529 160 0
529 181 0
529 248 0
529 277 0
529 292 0
529 303 0
529 310 0
529 334 0
529 340 0
529 343 0
529 349 0
529 356 0
529 357 0
529 381 0
529 382 0
529 397 0
529 418 0
529 480 0
529 484 0
529 501 0
529 516 0
529 523 0
529 524 0
529 525 0
529 526 0
529 528 0
529 530 0
529 532 0
529 533 0
529 534 0
529 549 0
529 552 0
529 555 0
529 556 0
529 557 0
529 566 0
529 568 0
529 572 0
529 573 0
529 576 0
530 21 0
530 49 0
530 74 0
530 96 0
530 102 0
530 132 0
530 146 0
530 148 0
530 150 0
530 164 0
530 296 0
530 333 0
530 381 0
530 382 0
530 397 0
530 418 0
530 480 0
530 484 0
530 501 0
530 516 0
530 523 0
530 524 0
530 525 0
530 526 0
530 528 0
530 529 0
530 532 0
530 533 0
530 534 0
530 549 0
530 552 0
530 555 0
530 556 0
530 557 0
530 566 0
530 568 0
530 572 0
530 573 0
530 576 0
531 10 0
531 33 0
531 85 0
531 105 0
531 112 0
531 126 0
531 172 0
531 187 0
531 196 0
531 252 0
531 316 0
531 332 0
531 336 0
531 351 0
532 5 0
532 33 0
532 45 0
532 47 0
532 93 0
532 96 0
532 145 0
532 150 0
532 210 0
532 250 0
532 343 0
532 381 0
532 382 0
532 397 0
532 418 0
532 480 0
532 484 0
532 501 0
532 516 0
532 523 0
532 524 0
532 525 0
532 526 0
532 528 0
532 529 0
532 530 0
532 533 0
532 534 0
532 549 0
532 552 0
532 555 0
532 556 0
532 557 0
532 566 0
532 568 0
532 572 0
532 573 0
532 576 0
533 6 0
533 25 0
533 26 0
533 38 0
533 61 0
533 66 0
533 105 0
533 113 0
533 137 0
533 150 0
533 203 0
533 211 0
533 223 0
533 256 0
533 296 0
533 297 0
533 321 0
533 332 0
533 339 0
533 357 0
533 381 0
533 382 0
533 397 0
533 418 0
533 480 0
533 484 0
533 501 0
533 516 0
533 523 0
533 524 0
533 525 0
533 526 0
533 528 0
533 529 0
533 530 0
533 532 0
533 534 0
533 549 0
533 552 0
533 555 0
533 556 0
533 557 0
533 566 0
533 568 0
533 572 0
533 573 0
533 576 0
534 5 0
534 55 0
534 63 0
534 69 0
534 150 0
534 161 0
534 197 0
534 300 0
534 332 0
534 334 0
534 335 0
534 381 0
534 382 0
534 397 0
534 418 0
534 480 0
534 484 0
534 501 0
534 516 0
534 523 0
534 524 0
534 525 0
534 526 0
534 528 0
534 529 0
534 530 0
534 532 0
534 533 0
534 549 0
534 552 0
534 555 0
534 556 0
534 557 0
534 566 0
534 568 0
534 572 0
534 573 0
534 576 0
535 37 0
535 220 0
535 300 0
535 310 0
535 337 0
536 5 0
536 7 0
536 21 0
536 25 0
536 33 0
536 35 0
536 43 0
536 46 0
536 63 0
536 74 0
536 93 0
536 105 0
536 114 0
536 124 0
536 126 0
536 138 0
536 139 0
536 146 0
536 151 0
536 171 0
536 190 0
536 203 0
536 204 0
536 217 0
536 229 0
536 254 0
536 259 0
536 266 0
536 290 0
536 292 0
536 294 0
536 295 0
536 297 0
536 300 0
536 303 0
536 308 0
536 328 0
536 346 0
536 351 0
536 357 0
536 561 0
536 567 0
537 79 0
537 89 0
537 102 0
537 117 0
537 123 0
537 189 0
537 229 0
537 288 0
537 300 0
537 332 0
537 435 0
538 0 0
538 38 0
538 47 0
538 66 0
538 69 0
538 75 0
538 97 0
538 111 0
538 119 0
538 120 0
538 138 0
538 139 0
538 141 0
538 146 0
538 177 0
538 181 0
538 183 0
538 184 0
538 190 0
538 191 0
538 196 0
538 197 0
538 216 0
538 229 0
538 235 0
538 242 0
538 248 0
538 266 0
538 289 0
538 297 0
538 298 0
538 299 0
538 300 0
538 301 0
538 303 0
538 306 0
538 340 0
538 341 0
538 342 0
538 343 0
538 347 0
538 351 0
538 363 0
538 446 0
538 447 0
539 0 0
539 26 0
539 35 0
539 63 0
539 69 0
539 78 0
539 99 0
539 114 0
539 132 0
539 156 0
539 164 0
539 166 0
539 172 0
539 207 0
539 217 0
539 220 0
539 240 0
539 256 0
539 259 0
539 300 0
539 330 0
539 332 0
539 345 0
539 347 0
540 103 0
540 127 0
540 400 0
540 541 0
540 554 0
541 2 0
541 203 0
541 223 0
541 235 0
541 294 0
541 307 0
541 400 0
541 540 0
541 554 0
542 33 0
542 65 0
542 66 0
542 74 0
542 87 0
542 93 0
542 124 0
542 184 0
542 201 0
542 229 0
542 242 0
542 277 0
542 325 0
542 332 0
542 337 0
543 19 0
543 76 0
543 113 0
543 114 0
543 187 0
543 207 0
543 223 0
543 235 0
543 250 0
543 270 0
543 288 0
543 300 0
543 310 0
543 544 0
544 19 0
544 76 0
544 113 0
544 114 0
544 187 0
544 207 0
544 223 0
544 235 0
544 250 0
544 270 0
544 288 0
544 300 0
544 310 0
544 543 0
545 5 0
545 25 0
545 66 0
545 76 0
545 146 0
545 181 0
545 300 0
545 318 0
545 333 0
545 351 0
545 469 0
546 0 0
546 26 0
546 63 0
546 69 0
546 78 0
546 99 0
546 114 0
546 132 0
546 146 0
546 156 0
546 164 0
546 166 0
546 240 0
546 259 0
546 260 0
546 261 0
546 332 0
546 345 0
546 347 0
547 45 0
547 50 0
547 69 0
547 79 0
547 93 0
547 96 0
547 105 0
547 113 0
547 176 0
547 197 0
547 232 0
547 259 0
547 287 0
547 293 0
547 294 0
547 310 0
547 328 0
547 332 0
547 352 0
547 357 0
547 365 0
547 368 0
547 481 0
547 482 0
547 483 0
548 223 0
548 250 0
548 256 0
548 282 0
548 304 0
548 348 0
549 93 0
549 150 0
549 164 0
549 172 0
549 211 0
549 224 0
549 250 0
549 299 0
549 332 0
549 334 0
549 381 0
549 382 0
549 397 0
549 418 0
549 480 0
549 484 0
549 501 0
549 516 0
549 523 0
549 524 0
549 525 0
549 526 0
549 528 0
549 529 0
549 530 0
549 532 0
549 533 0
549 534 0
549 552 0
549 555 0
549 556 0
549 557 0
549 566 0
549 568 0
549 572 0
549 573 0
549 576 0
550 38 0
550 45 0
550 61 0
550 69 0
550 102 0
550 216 0
551 297 0
552 150 0
552 297 0
552 381 0
552 382 0
552 397 0
552 418 0
552 480 0
552 484 0
552 501 0
552 516 0
552 523 0
552 524 0
552 525 0
552 526 0
552 528 0
552 529 0
552 530 0
552 532 0
552 533 0
552 534 0
552 549 0
552 555 0
552 556 0
552 557 0
552 566 0
552 568 0
552 572 0
552 573 0
552 576 0
553 121 0
553 250 0
554 21 0
554 38 0
554 47 0
554 62 0
554 96 0
554 103 0
554 105 0
554 125 0
554 148 0
554 172 0
554 176 0
554 197 0
554 298 0
554 301 0
554 334 0
554 356 0
554 357 0
554 400 0
554 540 0
554 541 0
555 17 0
555 25 0
555 26 0
555 33 0
555 61 0
555 62 0
555 69 0
555 102 0
555 105 0
555 148 0
555 150 0
555 189 0
555 229 0
555 263 0
555 294 0
555 295 0
555 381 0
555 382 0
555 397 0
555 418 0
555 480 0
555 484 0
555 501 0
555 516 0
555 523 0
555 524 0
555 525 0
555 526 0
555 528 0
555 529 0
555 530 0
555 532 0
555 533 0
555 534 0
555 549 0
555 552 0
555 556 0
555 557 0
555 566 0
555 568 0
555 572 0
555 573 0
555 576 0
556 2 0
556 23 0
556 25 0
556 28 0
556 37 0
556 45 0
556 63 0
556 66 0
556 68 0
556 87 0
556 105 0
556 148 0
556 150 0
556 181 0
556 184 0
556 211 0
556 235 0
556 251 0
556 259 0
556 300 0
556 301 0
556 307 0
556 330 0
556 335 0
556 381 0
556 382 0
556 397 0
556 418 0
556 480 0
556 484 0
556 501 0
556 516 0
556 523 0
556 524 0
556 525 0
556 526 0
556 528 0
556 529 0
556 530 0
556 532 0
556 533 0
556 534 0
556 549 0
556 552 0
556 555 0
556 557 0
556 566 0
556 568 0
556 572 0
556 573 0
556 576 0
557 35 0
557 64 0
557 69 0
557 118 0
557 148 0
557 150 0
557 276 0
557 332 0
557 339 0
557 381 0
557 382 0
557 397 0
557 418 0
557 480 0
557 484 0
557 501 0
557 516 0
557 523 0
557 524 0
557 525 0
557 526 0
557 528 0
557 529 0
557 530 0
557 532 0
557 533 0
557 534 0
557 549 0
557 552 0
557 555 0
557 556 0
557 566 0
557 568 0
557 572 0
557 573 0
557 576 0
558 5 0
558 7 0
558 21 0
558 25 0
558 33 0
558 35 0
558 46 0
558 63 0
558 74 0
558 89 0
558 93 0
558 105 0
558 114 0
558 124 0
558 126 0
558 146 0
558 151 0
558 171 0
558 190 0
558 217 0
558 219 0
558 254 0
558 259 0
558 266 0
558 292 0
558 297 0
558 300 0
558 328 0
558 346 0
558 351 0
558 357 0
558 440 0
559 37 0
560 148 0
560 187 0
560 229 0
560 250 0
560 277 0
560 332 0
560 340 0
560 431 0
560 513 0
561 33 0
561 35 0
561 43 0
561 46 0
561 105 0
561 114 0
561 138 0
561 139 0
561 203 0
561 204 0
561 229 0
561 254 0
561 274 0
561 290 0
561 294 0
561 295 0
561 297 0
561 536 0
561 567 0
562 25 0
562 340 0
563 21 0
563 32 0
563 33 0
563 38 0
563 45 0
563 63 0
563 65 0
563 93 0
563 106 0
563 145 0
563 155 0
563 165 0
563 191 0
563 194 0
563 198 0
563 212 0
563 223 0
563 229 0
563 240 0
563 251 0
563 256 0
563 277 0
563 287 0
563 310 0
563 317 0
563 337 0
563 340 0
563 350 0
564 0 0
564 5 0
564 33 0
564 37 0
564 65 0
564 69 0
564 76 0
564 85 0
564 93 0
564 96 0
564 99 0
564 124 0
564 132 0
564 172 0
564 174 0
564 181 0
564 189 0
564 197 0
564 212 0
564 266 0
564 276 0
564 296 0
564 297 0
564 311 0
564 325 0
564 332 0
564 335 0
564 337 0
564 340 0
564 343 0
564 351 0
564 565 0
565 0 0
565 33 0
565 37 0
565 72 0
565 74 0
565 85 0
565 86 0
565 93 0
565 106 0
565 171 0
565 174 0
565 189 0
565 197 0
565 217 0
565 311 0
565 316 0
565 332 0
565 337 0
565 350 0
565 351 0
565 564 0
566 12 0
566 93 0
566 150 0
566 299 0
566 334 0
566 381 0
566 382 0
566 397 0
566 418 0
566 480 0
566 484 0
566 501 0
566 516 0
566 523 0
566 524 0
566 525 0
566 526 0
566 528 0
566 529 0
566 530 0
566 532 0
566 533 0
566 534 0
566 549 0
566 552 0
566 555 0
566 556 0
566 557 0
566 568 0
566 572 0
566 573 0
566 576 0
567 28 0
567 43 0
567 69 0
567 100 0
567 102 0
567 156 0
567 172 0
567 223 0
567 258 0
567 337 0
567 536 0
567 561 0
568 26 0
568 38 0
568 58 0
568 63 0
568 64 0
568 117 0
568 133 0
568 150 0
568 161 0
568 163 0
568 251 0
568 297 0
568 300 0
568 334 0
568 343 0
568 345 0
568 381 0
568 382 0
568 397 0
568 418 0
568 480 0
568 484 0
568 501 0
568 516 0
568 523 0
568 524 0
568 525 0
568 526 0
568 528 0
568 529 0
568 530 0
568 532 0
568 533 0
568 534 0
568 549 0
568 552 0
568 555 0
568 556 0
568 557 0
568 566 0
568 572 0
568 573 0
568 576 0
569 296 0
569 297 0
569 301 0
569 330 0
570 17 0
570 105 0
570 156 0
570 169 0
570 184 0
570 197 0
570 242 0
570 281 0
570 297 0
570 303 0
570 310 0
570 330 0
570 331 0
570 332 0
570 333 0
570 340 0
571 0 0
571 19 0
571 25 0
571 33 0
571 35 0
571 45 0
571 47 0
571 78 0
571 111 0
571 113 0
571 132 0
571 135 0
571 153 0
571 163 0
571 164 0
571 197 0
571 207 0
571 233 0
571 240 0
571 262 0
571 299 0
571 300 0
571 312 0
571 334 0
571 351 0
572 6 0
572 14 0
572 21 0
572 42 0
572 43 0
572 62 0
572 69 0
572 71 0
572 93 0
572 101 0
572 150 0
572 156 0
572 181 0
572 243 0
572 250 0
572 256 0
572 289 0
572 299 0
572 301 0
572 310 0
572 330 0
572 332 0
572 340 0
572 351 0
572 352 0
572 381 0
572 382 0
572 397 0
572 418 0
572 480 0
572 484 0
572 501 0
572 516 0
572 523 0
572 524 0
572 525 0
572 526 0
572 528 0
572 529 0
572 530 0
572 532 0
572 533 0
572 534 0
572 549 0
572 552 0
572 555 0
572 556 0
572 557 0
572 566 0
572 568 0
572 573 0
572 576 0
573 150 0
573 153 0
573 161 0
573 337 0
573 381 0
573 382 0
573 397 0
573 418 0
573 480 0
573 484 0
573 501 0
573 516 0
573 523 0
573 524 0
573 525 0
573 526 0
573 528 0
573 529 0
573 530 0
573 532 0
573 533 0
573 534 0
573 549 0
573 552 0
573 555 0
573 556 0
573 557 0
573 566 0
573 568 0
573 572 0
573 576 0
574 2 0
574 21 0
574 23 0
574 57 0
574 76 0
574 77 0
574 89 0
574 90 0
574 150 0
574 169 0
574 189 0
574 219 0
574 220 0
574 274 0
574 277 0
574 282 0
574 303 0
574 311 0
574 315 0
574 332 0
574 340 0
575 70 0
575 73 0
576 0 0
576 5 0
576 28 0
576 102 0
576 150 0
576 223 0
576 310 0
576 357 0
576 381 0
576 382 0
576 397 0
576 418 0
576 480 0
576 484 0
576 501 0
576 516 0
576 523 0
576 524 0
576 525 0
576 526 0
576 528 0
576 529 0
576 530 0
576 532 0
576 533 0
576 534 0
576 549 0
576 552 0
576 555 0
576 556 0
576 557 0
576 566 0
576 568 0
576 572 0
576 573 0
577 0 0
577 116 0
577 137 0
577 156 0
577 168 0
577 220 0
577 224 0
577 233 0
577 296 0
577 331 0
578 50 0
578 365 0
578 368 0
578 481 0
578 482 0
578 483 0
579 33 0
579 38 0
579 74 0
579 85 0
579 96 0
579 112 0
579 274 0
579 286 0
580 0 0
580 5 0
580 21 0
580 38 0
580 48 0
580 52 0
580 69 0
580 85 0
580 87 0
580 96 0
580 97 0
580 102 0
580 124 0
580 125 0
580 136 0
580 145 0
580 161 0
580 172 0
580 184 0
580 197 0
580 210 0
580 219 0
580 220 0
580 223 0
580 229 0
580 240 0
580 243 0
580 248 0
580 249 0
580 251 0
580 264 0
580 275 0
580 277 0
580 289 0
580 303 0
580 331 0
580 332 0
580 335 0
580 340 0
580 360 0
581 2 0
581 6 0
581 12 0
581 15 0
581 19 0
581 28 0
581 30 0
581 35 0
581 42 0
581 43 0
581 66 0
581 73 0
581 76 0
581 77 0
581 83 0
581 89 0
581 102 0
581 103 0
581 108 0
581 110 0
581 123 0
581 136 0
581 143 0
581 175 0
581 199 0
581 208 0
581 219 0
581 220 0
581 223 0
581 226 0
581 234 0
581 235 0
581 256 0
581 265 0
581 274 0
581 278 0
581 282 0
581 294 0
581 296 0
581 297 0
581 306 0
581 308 0
581 313 0
581 316 0
581 325 0
581 329 0
581 330 0
581 338 0
581 340 0
581 343 0
581 357 0
581 376 0
581 423 0
581 432 0
581 433 0
581 444 0
581 445 0
581 454 0
581 455 0
581 514 0
582 2 0
582 6 0
582 15 0
582 19 0
582 28 0
582 30 0
582 35 0
582 42 0
582 66 0
582 73 0
582 79 0
582 102 0
582 103 0
582 108 0
582 110 0
582 123 0
582 136 0
582 175 0
582 203 0
582 208 0
582 220 0
582 223 0
582 235 0
582 256 0
582 265 0
582 282 0
582 296 0
582 297 0
582 325 0
582 330 0
582 343 0
582 357 0
583 0 0
583 5 0
583 9 0
583 13 0
583 18 0
583 33 0
583 37 0
583 65 0
583 69 0
583 76 0
583 85 0
583 93 0
583 96 0
583 99 0
583 124 0
583 132 0
583 172 0
583 174 0
583 177 0
583 181 0
583 189 0
583 197 0
583 199 0
583 212 0
583 219 0
583 220 0
583 266 0
583 276 0
583 296 0
583 297 0
583 311 0
583 325 0
583 332 0
583 335 0
583 337 0
583 343 0
583 351 0
583 377 0
583 473 0
584 0 0
584 15 0
584 33 0
584 56 0
584 57 0
584 63 0
584 65 0
584 79 0
584 85 0
584 91 0
584 96 0
584 103 0
584 107 0
584 111 0
584 123 0
584 137 0
584 139 0
584 140 0
584 146 0
584 150 0
584 159 0
584 183 0
584 188 0
584 214 0
584 220 0
584 254 0
584 256 0
584 274 0
584 284 0
584 287 0
584 289 0
584 295 0
584 297 0
584 303 0
584 313 0
584 316 0
584 335 0
584 343 0
584 428 0
584 429 0
585 12 0
585 89 0
585 136 0
585 151 0
585 170 0
585 366 0
586 29 0
586 79 0
586 136 0
586 170 0
586 274 0
586 368 0
586 386 0
