587 9226 8
2 2 2 2 2 2 2 2 2 1 2 1 1 1 2 2 2 1 1 2 2 2 2 2 1 2 2 1 2 1 2 2 2 2 2 2 2 2 2 2 1 1 1 1 1 2 2 2 2 2 2 2 1 1 1 2 1 2 2 1 2 2 2 2 2 2 2 2 2 2 1 2 2 2 2 1 1 1 2 1 1 1 2 1 1 1 2 2 1 1 1 1 1 2 1 1 2 1 2 2 2 2 2 2 2 2 2 2 2 1 2 2 1 2 2 1 2 2 1 1 1 1 1 2 2 2 2 1 1 1 1 2 2 2 1 2 2 2 1 1 1 1 1 1 1 2 1 1 2 1 1 1 1 2 1 2 2 2 1 1 2 2 2 2 2 2 2 2 2 1 2 2 1 1 2 2 2 1 1 2 1 2 1 1 1 1 2 2 1 2 2 2 2 2 1 2 2 2 2 1 1 2 1 1 1 1 1 2 1 1 2 2 2 2 2 1 1 2 2 1 1 2 2 2 2 1 1 1 1 1 1 1 2 2 1 2 1 1 1 2 2 2 2 2 2 1 1 1 2 2 2 2 2 1 2 2 2 2 1 2 1 1 1 2 1 2 2 2 2 1 1 2 1 1 1 1 2 2 1 1 1 2 2 2 2 2 2 2 2 2 1 1 2 2 1 1 2 2 1 1 2 2 1 1 2 1 1 2 1 2 2 2 1 1 1 1 1 1 2 1 1 2 2 1 2 2 1 1 2 1 2 2 2 2 2 2 2 2 1 2 1 1 1 1 2 2 2 2 1 2 1 2 2 2 1 2 2 2 1 1 1 1 1 1 0 0 0 0 0 0 0 0 0 0 0 0 0 0 0 0 0 0 0 0 0 0 0 0 0 0 0 0 0 0 0 0 0 0 0 0 0 0 0 0 0 0 0 0 0 0 0 0 0 0 0 0 0 0 0 0 0 0 0 0 0 0 0 0 0 0 0 0 0 0 0 0 0 0 0 0 0 0 0 0 0 0 0 0 0 0 0 0 0 0 0 0 0 0 0 0 0 0 0 0 0 0 0 0 0 0 0 0 0 0 0 0 0 0 0 0 0 0 0 0 0 0 0 0 0 0 0 0 0 0 0 0 0 0 0 0 0 0 0 0 0 0 0 0 0 0 0 0 0 0 0 0 0 0 0 0 0 0 0 0 0 0 0 0 0 0 0 0 0 0 0 0 0 0 0 0 0 0 0 0 0 0 0 0 0 0 0 0 0 0 0 0 0 0 0 0 0 0 0 0 0 0 0 0 0 0 0 0 0 0 0 0 0 0 0 0 0 0 0 0 0 0 0
9 112 3
9 168 2
9 377 4
11 32 2
11 396 4
12 38 2
12 93 2
12 111 2
12 184 3
12 256 2
12 351 2
12 355 2
12 364 4
12 366 4
12 374 4
12 396 4
12 409 4
12 423 4
12 428 4
12 432 4
12 434 4
12 444 4
12 454 4
12 456 4
12 461 4
12 476 4
12 497 4
12 566 4
12 581 4
12 585 4
13 26 2
13 112 3
13 125 2
13 351 2
13 374 4
13 377 4
13 473 4
13 583 4
17 160 2
17 212 2
17 570 4
18 17 3
18 32 2
18 43 3
18 46 2
18 71 2
18 156 2
18 168 2
18 255 2
18 351 2
18 377 4
18 473 4
18 583 4
24 23 2
24 33 2
24 419 4
24 512 4
27 328 2
27 371 4
27 405 4
27 448 4
27 496 4
29 39 2
29 112 3
29 116 2
29 123 2
29 174 2
29 282 2
29 351 2
29 410 4
29 411 4
29 417 4
29 419 4
29 452 4
29 586 4
40 257 2
40 460 4
41 350 3
41 387 4
42 8 2
42 32 2
42 111 2
42 160 2
42 168 2
42 309 2
42 373 4
42 383 4
42 397 4
42 424 4
42 428 4
42 468 4
42 474 4
42 481 4
42 482 4
42 510 4
43 6 2
43 23 2
43 67 2
43 100 2
43 124 2
43 126 2
43 168 2
43 244 2
43 407 4
43 409 4
43 411 4
43 423 4
43 426 4
43 432 4
43 444 4
43 450 4
43 454 4
43 468 4
43 496 4
43 536 4
43 561 4
43 567 4
43 581 4
44 126 2
44 398 4
44 438 4
49 50 0
52 25 2
52 112 3
52 168 2
52 186 2
52 212 2
52 255 2
52 263 2
52 296 2
52 299 3
52 394 4
52 412 4
52 421 4
52 456 4
52 458 4
52 470 4
52 487 4
52 498 4
52 504 4
52 520 4
52 580 4
53 151 3
53 170 2
53 172 3
53 456 4
54 45 2
54 171 2
54 328 2
54 522 4
56 36 2
56 123 2
56 211 2
56 355 2
56 384 4
56 410 4
56 415 4
56 428 4
56 429 4
56 443 4
56 450 4
56 495 4
56 510 4
56 519 4
56 520 4
56 584 4
59 356 2
59 459 4
70 42 3
70 168 2
70 575 4
75 125 2
75 328 2
75 351 2
75 406 4
75 412 4
75 415 4
75 417 4
75 446 4
75 447 4
75 463 4
75 471 4
75 477 4
75 479 4
75 491 4
75 493 4
75 538 4
76 35 2
76 37 2
76 58 2
76 94 3
76 110 2
76 145 2
76 195 2
76 218 2
76 250 2
76 271 2
76 288 2
76 328 2
76 334 2
76 336 2
76 344 2
76 351 2
76 364 4
76 371 4
76 376 4
76 377 4
76 420 4
76 421 4
76 422 4
76 423 4
76 432 4
76 433 4
76 440 4
76 444 4
76 445 4
76 449 4
76 450 4
76 454 4
76 455 4
76 468 4
76 469 4
76 471 4
76 473 4
76 477 4
76 481 4
76 511 4
76 514 4
76 543 4
76 544 4
76 545 4
76 564 4
76 574 4
76 581 4
76 583 4
77 351 2
77 364 4
77 371 4
77 377 4
77 420 4
77 421 4
77 422 4
77 423 4
77 432 4
77 440 4
77 444 4
77 447 4
77 454 4
77 473 4
77 474 4
77 477 4
77 510 4
77 574 4
77 581 4
79 17 3
79 30 2
79 33 2
79 99 2
79 101 2
79 111 2
79 168 2
79 211 2
79 248 2
79 255 2
79 310 2
79 332 2
79 351 2
79 368 4
79 376 4
79 379 4
79 384 4
79 386 4
79 393 4
79 394 4
79 406 4
79 411 4
79 412 4
79 414 4
79 417 4
79 426 4
79 427 4
79 429 4
79 430 4
79 435 4
79 447 4
79 455 4
79 458 4
79 459 4
79 464 4
79 470 4
79 476 4
79 486 4
79 491 4
79 493 4
79 495 4
79 497 4
79 504 4
79 537 4
79 547 4
79 582 4
79 584 4
79 586 4
80 133 2
80 168 2
80 189 2
80 406 4
81 310 2
81 410 4
81 411 4
81 440 4
83 47 2
83 112 3
83 114 2
83 268 2
83 408 4
83 423 4
83 432 4
83 444 4
83 447 4
83 454 4
83 457 4
83 496 4
83 510 4
83 581 4
84 168 2
84 333 2
84 349 2
84 351 2
84 405 4
84 415 4
84 448 4
84 456 4
85 211 2
85 213 2
85 268 2
85 288 2
85 351 2
85 410 4
85 426 4
85 435 4
85 457 4
85 470 4
85 472 4
85 476 4
85 483 4
85 492 4
85 494 4
88 4 2
88 309 2
88 355 2
88 448 4
89 43 3
89 60 2
89 112 3
89 288 2
89 328 2
89 344 2
89 351 2
89 366 4
89 376 4
89 387 4
89 404 4
89 407 4
89 409 4
89 423 4
89 424 4
89 432 4
89 433 4
89 435 4
89 444 4
89 445 4
89 454 4
89 455 4
89 456 4
89 465 4
89 466 4
89 467 4
89 514 4
89 537 4
89 558 4
89 574 4
89 581 4
89 585 4
90 112 3
90 288 2
90 328 2
90 351 2
90 471 4
90 477 4
90 491 4
90 574 4
91 10 2
91 49 2
91 55 2
91 57 2
91 117 2
91 255 2
91 266 2
91 311 2
91 328 2
91 332 2
91 339 2
91 388 4
91 410 4
91 419 4
91 422 4
91 425 4
91 426 4
91 428 4
91 429 4
91 436 4
91 456 4
91 467 4
91 496 4
91 498 4
91 584 4
92 10 2
92 212 2
92 328 2
92 419 4
92 442 4
94 33 2
94 211 2
94 212 2
94 328 2
94 332 2
94 355 2
94 386 4
94 447 4
95 212 2
95 456 4
97 4 2
97 7 2
97 19 2
97 103 2
97 212 2
97 299 3
97 343 3
97 350 3
97 366 4
97 374 4
97 387 4
97 391 4
97 401 4
97 403 4
97 405 4
97 407 4
97 410 4
97 419 4
97 425 4
97 446 4
97 447 4
97 448 4
97 462 4
97 463 4
97 470 4
97 474 4
97 476 4
97 491 4
97 492 4
97 494 4
97 496 4
97 510 4
97 538 4
109 55 2
109 328 2
109 332 2
109 364 4
112 23 2
112 101 2
112 232 2
112 242 2
112 244 2
112 255 2
112 297 2
112 456 4
112 470 4
112 496 4
112 510 4
115 0 2
115 48 2
115 383 4
115 481 4
115 482 4
115 483 4
118 62 2
118 309 2
118 401 4
118 459 4
118 557 4
119 60 2
119 176 2
119 214 2
119 446 4
119 447 4
119 538 4
120 351 2
120 399 4
120 405 4
120 446 4
120 447 4
120 448 4
120 538 4
121 78 2
121 168 2
121 409 4
121 553 4
122 33 2
122 351 2
122 365 4
122 366 4
122 456 4
122 494 4
122 510 4
122 511 4
127 21 2
127 42 3
127 124 2
127 408 4
127 411 4
127 412 4
127 442 4
127 470 4
127 476 4
127 512 4
127 540 4
128 39 2
128 116 2
128 191 2
128 386 4
128 402 4
128 446 4
128 447 4
128 448 4
128 482 4
129 33 2
129 408 4
130 31 2
130 65 2
130 72 2
130 255 2
130 494 4
130 495 4
134 64 2
134 101 2
134 481 4
138 33 2
138 36 2
138 112 3
138 125 2
138 148 2
138 297 2
138 299 3
138 309 2
138 328 2
138 384 4
138 410 4
138 446 4
138 447 4
138 510 4
138 536 4
138 538 4
138 561 4
139 28 2
139 32 2
139 299 3
139 332 2
139 343 3
139 351 2
139 392 4
139 405 4
139 419 4
139 428 4
139 429 4
139 446 4
139 447 4
139 448 4
139 536 4
139 538 4
139 561 4
139 584 4
140 136 2
140 212 2
140 351 2
140 424 4
140 440 4
140 494 4
140 496 4
140 584 4
141 349 2
141 351 2
141 419 4
141 430 4
141 446 4
141 447 4
141 481 4
141 483 4
141 510 4
141 538 4
142 47 2
142 523 4
143 14 2
143 196 2
143 423 4
143 432 4
143 444 4
143 452 4
143 454 4
143 581 4
144 1 2
144 468 4
146 16 2
146 55 2
146 60 2
146 78 2
146 137 2
146 187 2
146 191 2
146 207 2
146 212 2
146 239 2
146 241 2
146 255 2
146 288 2
146 328 2
146 343 3
146 351 2
146 355 2
146 364 4
146 368 4
146 374 4
146 375 4
146 378 4
146 388 4
146 389 4
146 392 4
146 407 4
146 409 4
146 410 4
146 419 4
146 426 4
146 428 4
146 429 4
146 430 4
146 435 4
146 437 4
146 451 4
146 452 4
146 454 4
146 456 4
146 457 4
146 459 4
146 469 4
146 470 4
146 471 4
146 472 4
146 476 4
146 483 4
146 485 4
146 492 4
146 494 4
146 512 4
146 519 4
146 520 4
146 525 4
146 530 4
146 536 4
146 538 4
146 545 4
146 558 4
146 584 4
147 36 2
147 343 3
147 467 4
147 481 4
147 503 4
149 241 2
149 351 2
149 383 4
149 436 4
149 439 4
150 8 2
150 381 4
150 382 4
150 383 4
150 384 4
150 397 4
150 415 4
150 418 4
150 428 4
150 429 4
150 436 4
150 439 4
150 446 4
150 447 4
150 448 4
150 480 4
150 501 4
150 510 4
150 516 4
150 523 4
150 524 4
150 525 4
150 526 4
150 528 4
150 529 4
150 530 4
150 532 4
150 533 4
150 534 4
150 549 4
150 551 4
150 555 4
150 556 4
150 557 4
150 566 4
150 568 4
150 569 4
150 572 4
150 573 4
150 576 4
150 584 4
151 165 2
151 166 2
151 364 4
151 366 4
151 373 4
151 585 4
152 39 2
152 349 2
152 442 4
152 456 4
154 67 2
154 212 2
154 335 2
154 351 2
154 356 2
154 466 4
154 467 4
158 22 2
158 187 2
158 288 2
158 345 2
158 399 4
159 112 3
159 428 4
159 429 4
159 584 4
169 255 2
169 570 4
172 349 2
172 419 4
172 450 4
172 482 4
173 32 2
173 336 2
173 337 2
173 419 4
177 17 3
177 23 2
177 32 2
177 55 2
177 78 2
177 99 2
177 101 2
177 105 2
177 114 2
177 132 2
177 168 2
177 187 2
177 197 2
177 212 2
177 232 2
177 244 2
177 255 2
177 267 2
177 297 2
177 328 2
177 349 2
177 350 3
177 351 2
177 377 4
177 399 4
177 403 4
177 405 4
177 408 4
177 410 4
177 433 4
177 446 4
177 447 4
177 448 4
177 450 4
177 456 4
177 466 4
177 467 4
177 469 4
177 470 4
177 471 4
177 473 4
177 496 4
177 499 4
177 538 4
177 583 4
178 99 2
178 114 2
178 168 2
180 303 3
180 374 4
182 333 2
182 388 4
182 407 4
182 409 4
182 415 4
182 471 4
183 17 3
183 168 2
183 212 2
183 322 2
183 333 2
183 350 3
183 351 2
183 397 4
183 407 4
183 409 4
183 415 4
183 420 4
183 428 4
183 429 4
183 446 4
183 447 4
183 448 4
183 450 4
183 453 4
183 456 4
183 496 4
183 538 4
183 569 4
183 584 4
184 222 2
184 235 2
184 405 4
184 446 4
184 447 4
184 448 4
184 538 4
185 111 2
185 211 2
185 355 2
185 394 4
185 405 4
188 42 3
188 63 2
188 241 2
188 299 3
188 384 4
188 415 4
188 428 4
188 429 4
188 495 4
188 519 4
188 520 4
188 584 4
194 33 2
194 563 4
199 328 2
199 376 4
199 377 4
199 422 4
199 423 4
199 432 4
199 433 4
199 437 4
199 444 4
199 445 4
199 454 4
199 455 4
199 473 4
199 514 4
199 581 4
199 583 4
200 67 2
200 520 4
202 125 2
202 401 4
203 198 2
203 470 4
203 476 4
203 533 4
203 536 4
203 541 4
203 561 4
203 582 4
204 198 2
204 239 2
204 351 2
204 536 4
204 561 4
205 304 2
205 442 4
205 456 4
206 328 2
206 470 4
206 471 4
206 476 4
206 477 4
208 112 3
208 153 2
208 207 2
208 367 4
208 371 4
208 376 4
208 410 4
208 413 4
208 433 4
208 451 4
208 455 4
208 466 4
208 467 4
208 481 4
208 514 4
208 582 4
209 49 2
209 322 2
209 407 4
209 409 4
209 459 4
215 23 2
215 86 2
215 277 2
215 297 2
215 299 3
215 465 4
216 10 2
216 42 3
216 49 2
216 155 2
216 166 2
216 405 4
216 407 4
216 412 4
216 419 4
216 420 4
216 446 4
216 447 4
216 448 4
216 538 4
216 550 4
219 16 2
219 17 3
219 33 2
219 37 2
219 39 2
219 42 3
219 72 2
219 162 2
219 168 2
219 187 2
219 210 2
219 328 2
219 351 2
219 364 4
219 365 4
219 366 4
219 367 4
219 368 4
219 369 4
219 370 4
219 371 4
219 373 4
219 374 4
219 376 4
219 377 4
219 383 4
219 392 4
219 405 4
219 410 4
219 412 4
219 415 4
219 420 4
219 422 4
219 423 4
219 432 4
219 433 4
219 440 4
219 444 4
219 445 4
219 448 4
219 454 4
219 455 4
219 465 4
219 466 4
219 467 4
219 470 4
219 471 4
219 473 4
219 474 4
219 475 4
219 476 4
219 478 4
219 481 4
219 482 4
219 483 4
219 491 4
219 492 4
219 494 4
219 497 4
219 510 4
219 518 4
219 519 4
219 520 4
219 558 4
219 580 4
219 581 4
219 583 4
220 36 2
220 73 2
220 136 2
220 218 2
220 233 2
220 376 4
220 377 4
220 384 4
220 423 4
220 424 4
220 425 4
220 427 4
220 428 4
220 429 4
220 432 4
220 433 4
220 444 4
220 445 4
220 454 4
220 455 4
220 466 4
220 473 4
220 476 4
220 477 4
220 479 4
220 498 4
220 502 4
220 504 4
220 506 4
220 514 4
220 535 4
220 539 4
220 577 4
220 580 4
220 581 4
220 582 4
220 583 4
220 584 4
225 137 2
225 395 4
225 415 4
225 428 4
225 453 4
225 465 4
226 8 2
226 72 2
226 287 2
226 301 2
226 423 4
226 432 4
226 444 4
226 454 4
226 487 4
226 488 4
226 489 4
226 490 4
226 515 4
226 581 4
227 299 3
227 383 4
227 448 4
227 494 4
228 8 2
228 112 3
228 462 4
229 0 2
229 17 3
229 21 2
229 23 2
229 32 2
229 33 2
229 49 2
229 51 2
229 57 2
229 60 2
229 78 2
229 99 2
229 100 2
229 101 2
229 105 2
229 111 2
229 126 2
229 137 2
229 162 2
229 168 2
229 172 3
229 192 2
229 211 2
229 212 2
229 243 2
229 255 2
229 265 2
229 266 2
229 276 2
229 288 2
229 311 2
229 324 2
229 328 2
229 333 2
229 336 2
229 349 2
229 351 2
229 365 4
229 373 4
229 380 4
229 387 4
229 392 4
229 400 4
229 410 4
229 411 4
229 412 4
229 415 4
229 419 4
229 422 4
229 423 4
229 446 4
229 447 4
229 456 4
229 457 4
229 459 4
229 469 4
229 471 4
229 477 4
229 481 4
229 482 4
229 483 4
229 485 4
229 492 4
229 493 4
229 507 4
229 510 4
229 513 4
229 536 4
229 537 4
229 538 4
229 542 4
229 555 4
229 560 4
229 561 4
229 563 4
229 580 4
230 33 2
230 466 4
231 33 2
231 101 2
231 153 2
231 154 3
231 304 2
231 506 4
234 66 2
234 407 4
234 409 4
234 423 4
234 432 4
234 444 4
234 445 4
234 454 4
234 581 4
236 0 2
236 407 4
236 409 4
237 0 2
237 26 2
237 392 4
237 453 4
237 482 4
238 78 2
238 284 2
238 351 2
238 383 4
238 408 4
238 443 4
238 481 4
238 510 4
245 108 2
245 207 2
245 328 2
245 420 4
246 175 2
246 176 2
246 207 2
246 212 2
246 399 4
247 304 2
247 442 4
247 456 4
253 356 2
258 160 2
258 255 2
258 286 2
258 299 3
258 309 2
258 343 3
258 349 2
258 370 4
258 567 4
260 72 2
260 287 2
260 303 3
260 309 2
260 392 4
260 393 4
260 406 4
260 409 4
260 485 4
260 486 4
260 487 4
260 488 4
260 489 4
260 490 4
260 515 4
261 168 2
261 192 2
261 288 2
261 318 2
261 378 4
261 448 4
261 459 4
261 485 4
262 23 2
262 31 2
262 42 3
262 68 2
262 288 2
262 383 4
262 387 4
262 406 4
262 409 4
262 456 4
262 482 4
262 571 4
264 276 2
264 343 3
269 61 2
269 157 2
269 255 2
269 333 2
269 407 4
269 409 4
269 488 4
270 112 3
270 331 2
270 351 2
270 543 4
270 544 4
272 168 2
272 466 4
272 467 4
273 32 2
273 87 2
273 99 2
273 162 2
273 168 2
273 421 4
273 456 4
274 0 2
274 21 2
274 23 2
274 32 2
274 33 2
274 49 2
274 51 2
274 57 2
274 60 2
274 78 2
274 85 3
274 99 2
274 100 2
274 101 2
274 105 2
274 111 2
274 126 2
274 137 2
274 162 2
274 168 2
274 172 3
274 192 2
274 211 2
274 212 2
274 229 3
274 243 2
274 244 2
274 255 2
274 265 2
274 266 2
274 276 2
274 288 2
274 324 2
274 328 2
274 333 2
274 336 2
274 343 3
274 349 2
274 351 2
274 368 4
274 373 4
274 386 4
274 387 4
274 392 4
274 394 4
274 409 4
274 410 4
274 411 4
274 415 4
274 419 4
274 423 4
274 428 4
274 429 4
274 431 4
274 432 4
274 436 4
274 438 4
274 443 4
274 444 4
274 447 4
274 452 4
274 454 4
274 456 4
274 458 4
274 465 4
274 466 4
274 467 4
274 468 4
274 469 4
274 470 4
274 471 4
274 476 4
274 477 4
274 483 4
274 492 4
274 510 4
274 527 4
274 561 4
274 574 4
274 579 4
274 581 4
274 584 4
274 586 4
275 25 2
275 30 2
275 240 2
275 285 2
275 353 2
275 384 4
275 394 4
275 401 4
275 403 4
275 443 4
275 450 4
275 456 4
275 458 4
275 502 4
278 20 2
278 33 2
278 108 2
278 224 2
278 351 2
278 376 4
278 408 4
278 423 4
278 426 4
278 427 4
278 432 4
278 433 4
278 444 4
278 454 4
278 455 4
278 466 4
278 468 4
278 470 4
278 476 4
278 514 4
278 581 4
279 212 2
279 255 2
279 299 3
279 343 3
279 351 2
279 352 2
279 456 4
279 470 4
279 476 4
279 496 4
280 0 2
280 61 2
280 157 2
280 333 2
280 383 4
280 407 4
280 409 4
280 437 4
290 5 2
290 145 2
290 235 2
290 289 2
290 325 2
290 328 2
290 510 4
290 536 4
290 561 4
291 352 2
291 446 4
291 447 4
291 448 4
294 33 2
294 51 2
294 123 2
294 266 2
294 288 2
294 297 2
294 328 2
294 350 3
294 351 2
294 400 4
294 404 4
294 407 4
294 409 4
294 419 4
294 423 4
294 432 4
294 436 4
294 444 4
294 446 4
294 447 4
294 454 4
294 456 4
294 474 4
294 476 4
294 482 4
294 494 4
294 496 4
294 536 4
294 541 4
294 547 4
294 555 4
294 561 4
294 581 4
295 51 2
295 103 2
295 288 2
295 292 2
295 297 2
295 346 2
295 407 4
295 409 4
295 419 4
295 487 4
295 488 4
295 489 4
295 490 4
295 515 4
295 525 4
295 536 4
295 555 4
295 561 4
295 584 4
298 111 2
298 137 2
298 334 2
298 350 3
298 374 4
298 405 4
298 446 4
298 447 4
298 448 4
298 450 4
298 510 4
298 511 4
298 522 4
298 538 4
298 554 4
299 36 2
299 60 2
299 350 3
299 374 4
299 401 4
299 405 4
299 409 4
299 446 4
299 447 4
299 448 4
299 450 4
299 466 4
299 467 4
299 510 4
299 538 4
302 133 2
302 504 4
302 505 4
303 72 2
303 287 2
303 355 2
303 384 4
303 385 4
303 399 4
303 401 4
303 405 4
303 428 4
303 429 4
303 448 4
303 465 4
303 482 4
303 485 4
303 487 4
303 488 4
303 489 4
303 490 4
303 500 4
303 515 4
303 536 4
303 584 4
305 259 2
305 302 3
305 404 4
305 481 4
306 0 2
306 3 2
306 15 2
306 21 2
306 31 2
306 32 2
306 33 2
306 34 2
306 35 2
306 36 2
306 39 2
306 48 2
306 49 2
306 51 2
306 55 2
306 57 2
306 82 2
306 98 2
306 99 2
306 101 2
306 102 2
306 106 2
306 112 3
306 132 2
306 137 2
306 154 3
306 157 2
306 161 2
306 163 2
306 168 2
306 175 2
306 179 2
306 187 2
306 192 2
306 201 2
306 207 2
306 210 2
306 211 2
306 212 2
306 217 2
306 218 2
306 229 3
306 239 2
306 241 2
306 244 2
306 255 2
306 263 2
306 266 2
306 267 2
306 274 3
306 288 2
306 300 2
306 304 2
306 309 2
306 311 2
306 321 2
306 324 2
306 328 2
306 332 2
306 333 2
306 344 2
306 347 2
306 350 3
306 351 2
306 355 2
306 376 4
306 392 4
306 394 4
306 405 4
306 406 4
306 411 4
306 423 4
306 428 4
306 432 4
306 440 4
306 444 4
306 446 4
306 447 4
306 448 4
306 454 4
306 465 4
306 470 4
306 471 4
306 476 4
306 482 4
306 483 4
306 498 4
306 511 4
306 520 4
306 538 4
306 581 4
308 32 2
308 210 2
308 284 2
308 337 2
308 406 4
308 410 4
308 419 4
308 423 4
308 432 4
308 444 4
308 454 4
308 456 4
308 465 4
308 468 4
308 470 4
308 505 4
308 508 4
308 536 4
308 581 4
312 23 2
312 31 2
312 101 2
312 104 2
312 378 4
312 430 4
312 482 4
312 571 4
313 0 2
313 101 2
313 104 2
313 423 4
313 428 4
313 429 4
313 432 4
313 444 4
313 454 4
313 581 4
313 584 4
314 108 2
314 112 3
314 114 2
314 190 2
314 211 2
314 212 2
314 224 2
314 255 2
314 288 2
314 322 2
314 407 4
314 409 4
314 453 4
314 459 4
314 482 4
315 32 2
315 57 2
315 78 2
315 101 2
315 135 2
315 167 2
315 168 2
315 172 3
315 281 2
315 284 2
315 324 2
315 336 2
315 364 4
315 384 4
315 411 4
315 419 4
315 481 4
315 510 4
315 574 4
316 0 2
316 23 2
316 32 2
316 33 2
316 55 2
316 64 2
316 85 3
316 98 2
316 101 2
316 112 3
316 165 2
316 168 2
316 172 3
316 193 2
316 211 2
316 212 2
316 221 2
316 328 2
316 343 3
316 346 2
316 350 3
316 351 2
316 367 4
316 384 4
316 387 4
316 399 4
316 407 4
316 410 4
316 411 4
316 415 4
316 419 4
316 420 4
316 423 4
316 424 4
316 425 4
316 428 4
316 429 4
316 432 4
316 444 4
316 448 4
316 451 4
316 454 4
316 456 4
316 459 4
316 463 4
316 465 4
316 471 4
316 472 4
316 477 4
316 481 4
316 483 4
316 510 4
316 517 4
316 531 4
316 565 4
316 581 4
316 584 4
317 172 3
317 324 2
317 563 4
319 49 2
319 112 3
319 113 2
319 167 2
319 337 2
319 406 4
319 508 4
320 299 3
320 343 3
320 462 4
320 496 4
323 328 2
323 408 4
323 411 4
323 424 4
323 468 4
323 474 4
323 483 4
326 36 2
326 123 2
326 351 2
326 355 2
326 410 4
326 456 4
326 510 4
327 299 3
327 357 2
327 424 4
327 425 4
327 456 4
329 6 2
329 21 2
329 49 2
329 69 2
329 98 2
329 101 2
329 164 2
329 212 2
329 351 2
329 388 4
329 423 4
329 432 4
329 444 4
329 445 4
329 454 4
329 459 4
329 581 4
338 107 2
338 423 4
338 432 4
338 444 4
338 445 4
338 454 4
338 581 4
340 8 2
340 17 3
340 23 2
340 31 2
340 62 2
340 72 2
340 82 2
340 86 2
340 101 2
340 160 2
340 162 2
340 207 2
340 212 2
340 249 2
340 252 2
340 254 2
340 283 2
340 328 2
340 334 2
340 344 2
340 351 2
340 373 4
340 376 4
340 378 4
340 380 4
340 384 4
340 386 4
340 387 4
340 403 4
340 405 4
340 406 4
340 407 4
340 409 4
340 410 4
340 412 4
340 414 4
340 415 4
340 416 4
340 419 4
340 420 4
340 421 4
340 423 4
340 432 4
340 435 4
340 436 4
340 438 4
340 439 4
340 444 4
340 445 4
340 446 4
340 447 4
340 448 4
340 449 4
340 452 4
340 454 4
340 457 4
340 460 4
340 465 4
340 466 4
340 467 4
340 469 4
340 471 4
340 474 4
340 476 4
340 477 4
340 481 4
340 484 4
340 510 4
340 511 4
340 529 4
340 538 4
340 559 4
340 560 4
340 562 4
340 563 4
340 564 4
340 570 4
340 572 4
340 581 4
341 350 3
341 393 4
341 396 4
341 419 4
341 424 4
341 437 4
341 446 4
341 447 4
341 449 4
341 452 4
341 510 4
341 521 4
341 538 4
342 328 2
342 350 3
342 407 4
342 409 4
342 437 4
342 446 4
342 447 4
342 449 4
342 452 4
342 510 4
342 538 4
343 36 2
343 72 2
343 98 2
343 111 2
343 112 3
343 176 2
343 212 2
343 371 4
343 379 4
343 380 4
343 391 4
343 405 4
343 424 4
343 436 4
343 443 4
343 446 4
343 447 4
343 448 4
343 452 4
343 459 4
343 468 4
343 476 4
343 518 4
343 519 4
343 520 4
343 538 4
348 0 2
348 57 2
348 96 2
348 153 2
348 154 3
348 161 2
348 223 2
348 288 2
348 293 2
348 324 2
348 328 2
348 330 2
348 344 2
348 394 4
348 412 4
348 548 4
350 26 2
350 151 3
350 168 2
350 409 4
354 26 2
354 65 2
354 181 2
354 307 2
354 351 2
354 457 4
358 32 2
358 125 2
358 168 2
358 265 2
358 351 2
358 509 4
359 101 2
359 207 2
359 212 2
359 344 2
360 2 2
360 74 2
360 85 3
360 101 2
360 131 2
360 154 3
360 251 2
360 257 2
360 297 2
360 379 4
360 401 4
360 419 4
360 481 4
360 482 4
360 483 4
360 496 4
360 519 4
360 580 4
361 42 3
361 410 4
361 466 4
361 467 4
362 112 3
362 456 4
363 175 2
363 355 2
363 375 4
363 378 4
363 390 4
363 405 4
363 409 4
363 421 4
363 422 4
363 446 4
363 447 4
363 448 4
363 450 4
363 504 4
363 538 4
364 4 5
364 5 5
364 7 5
364 12 6
364 23 5
364 33 5
364 42 6
364 49 5
364 67 5
364 73 5
364 76 6
364 77 6
364 78 5
364 82 5
364 101 5
364 103 5
364 109 6
364 137 5
364 145 5
364 146 6
364 151 6
364 197 5
364 208 6
364 219 6
364 229 6
364 232 5
364 250 5
364 271 5
364 292 5
364 315 6
364 334 5
364 347 5
364 360 6
365 4 5
365 5 5
365 7 5
365 23 5
365 33 5
365 49 5
365 50 5
365 67 5
365 73 5
365 78 5
365 82 5
365 101 5
365 103 5
365 122 6
365 137 5
365 145 5
365 197 5
365 219 6
365 229 6
365 232 5
365 250 5
365 271 5
365 292 5
365 334 5
365 347 5
366 4 5
366 5 5
366 7 5
366 12 6
366 23 5
366 33 5
366 49 5
366 67 5
366 73 5
366 78 5
366 82 5
366 89 6
366 97 6
366 101 5
366 103 5
366 122 6
366 137 5
366 145 5
366 151 6
366 197 5
366 219 6
366 232 5
366 250 5
366 271 5
366 292 5
366 334 5
366 347 5
367 4 5
367 5 5
367 7 5
367 23 5
367 33 5
367 49 5
367 67 5
367 73 5
367 78 5
367 82 5
367 101 5
367 103 5
367 137 5
367 145 5
367 197 5
367 208 6
367 219 6
367 232 5
367 250 5
367 271 5
367 292 5
367 316 6
367 334 5
367 347 5
368 4 5
368 5 5
368 7 5
368 23 5
368 33 5
368 49 5
368 50 5
368 67 5
368 73 5
368 78 5
368 79 6
368 82 5
368 101 5
368 103 5
368 137 5
368 145 5
368 146 6
368 197 5
368 219 6
368 232 5
368 250 5
368 271 5
368 274 6
368 292 5
368 334 5
368 347 5
369 4 5
369 5 5
369 7 5
369 23 5
369 33 5
369 49 5
369 67 5
369 73 5
369 78 5
369 82 5
369 101 5
369 103 5
369 137 5
369 145 5
369 197 5
369 208 6
369 219 6
369 232 5
369 250 5
369 271 5
369 292 5
369 334 5
369 347 5
370 4 5
370 5 5
370 7 5
370 23 5
370 33 5
370 49 5
370 67 5
370 73 5
370 78 5
370 82 5
370 101 5
370 103 5
370 137 5
370 145 5
370 197 5
370 219 6
370 232 5
370 250 5
370 258 6
370 271 5
370 292 5
370 334 5
370 347 5
371 4 5
371 5 5
371 7 5
371 23 5
371 27 6
371 33 5
371 49 5
371 67 5
371 73 5
371 76 6
371 77 6
371 78 5
371 82 5
371 101 5
371 103 5
371 137 5
371 145 5
371 197 5
371 208 6
371 219 6
371 232 5
371 250 5
371 271 5
371 292 5
371 334 5
371 343 6
371 347 5
372 0 5
372 12 6
372 19 5
372 25 5
372 33 5
372 35 5
372 42 6
372 45 5
372 47 5
372 78 5
372 97 6
372 111 5
372 113 5
372 122 6
372 132 5
372 135 5
372 153 5
372 163 5
372 164 5
372 183 6
372 197 5
372 203 6
372 207 5
372 225 6
372 233 5
372 240 5
372 253 6
372 299 6
372 300 5
372 314 6
372 316 6
372 334 5
372 351 5
372 360 6
373 42 6
373 136 5
373 151 6
373 170 5
373 219 6
373 229 6
373 274 6
373 340 6
374 0 5
374 5 5
374 12 6
374 13 6
374 15 5
374 38 5
374 42 6
374 69 5
374 93 5
374 97 6
374 102 5
374 103 5
374 105 5
374 110 5
374 111 5
374 112 6
374 123 5
374 132 5
374 146 6
374 147 6
374 150 6
374 161 5
374 164 5
374 180 6
374 207 5
374 217 5
374 219 6
374 266 5
374 287 5
374 298 6
374 299 6
374 301 5
374 334 5
374 335 5
375 25 5
375 69 5
375 72 5
375 74 5
375 105 5
375 124 5
375 126 5
375 217 5
375 223 5
375 250 5
375 259 5
375 276 5
375 287 5
375 310 5
375 328 5
375 332 5
376 0 5
376 5 5
376 33 5
376 37 5
376 65 5
376 69 5
376 76 6
376 79 6
376 85 6
376 89 6
376 93 5
376 96 5
376 99 5
376 124 5
376 132 5
376 172 6
376 174 5
376 181 5
376 189 5
376 197 5
376 199 6
376 208 6
376 212 5
376 219 6
376 220 6
376 266 5
376 276 5
376 278 6
376 296 5
376 297 5
376 306 6
376 311 5
376 325 5
376 332 5
376 335 5
376 337 5
376 340 6
376 343 6
376 351 5
377 0 5
377 5 5
377 9 6
377 13 6
377 18 6
377 33 5
377 37 5
377 65 5
377 69 5
377 76 6
377 77 6
377 85 6
377 93 5
377 96 5
377 99 5
377 124 5
377 132 5
377 172 6
377 174 5
377 177 6
377 181 5
377 189 5
377 197 5
377 199 6
377 212 5
377 219 6
377 220 6
377 266 5
377 276 5
377 296 5
377 297 5
377 311 5
377 325 5
377 332 5
377 335 5
377 337 5
377 343 6
377 351 5
378 25 5
378 69 5
378 72 5
378 74 5
378 105 5
378 124 5
378 126 5
378 146 6
378 217 5
378 223 5
378 250 5
378 259 5
378 261 6
378 276 5
378 287 5
378 310 5
378 312 6
378 328 5
378 332 5
378 340 6
378 363 6
379 25 5
379 79 6
379 86 5
379 288 5
379 343 6
379 360 6
380 25 5
380 86 5
380 229 6
380 288 5
380 340 6
380 343 6
381 5 5
381 33 5
381 47 5
381 150 6
381 163 5
381 189 5
381 210 5
381 223 5
382 103 5
382 150 6
382 156 5
382 197 5
382 337 5
383 42 6
383 71 5
383 115 6
383 149 6
383 150 6
383 219 6
383 227 6
383 238 6
383 250 5
383 262 6
383 280 6
384 0 5
384 21 5
384 31 5
384 32 5
384 33 5
384 34 5
384 37 5
384 38 5
384 42 6
384 45 5
384 56 6
384 63 5
384 65 5
384 66 5
384 67 5
384 79 6
384 86 5
384 93 5
384 106 5
384 124 5
384 138 6
384 145 5
384 150 6
384 155 5
384 165 5
384 170 5
384 172 6
384 176 5
384 188 6
384 189 5
384 191 5
384 197 5
384 198 5
384 212 5
384 220 6
384 222 5
384 223 5
384 239 5
384 240 5
384 251 5
384 256 5
384 268 5
384 275 6
384 277 5
384 286 5
384 287 5
384 289 5
384 299 6
384 303 6
384 310 5
384 315 6
384 316 6
384 335 5
384 337 5
384 340 6
384 350 6
384 355 5
385 51 5
385 303 6
385 343 6
386 10 5
386 79 6
386 94 6
386 128 6
386 136 5
386 156 5
386 197 5
386 271 5
386 274 6
386 277 5
386 284 5
386 340 6
386 350 6
387 10 5
387 11 6
387 12 6
387 41 6
387 42 6
387 54 6
387 89 6
387 97 6
387 136 5
387 151 6
387 156 5
387 197 5
387 208 6
387 219 6
387 229 6
387 260 6
387 262 6
387 271 5
387 274 6
387 277 5
387 284 5
387 316 6
387 326 6
387 340 6
387 350 6
388 91 6
388 146 6
388 181 5
388 182 6
388 249 5
388 329 6
389 0 5
389 15 5
389 33 5
389 57 5
389 63 5
389 65 5
389 85 6
389 96 5
389 103 5
389 107 5
389 111 5
389 123 5
389 137 5
389 146 6
389 214 5
389 254 5
389 256 5
389 284 5
389 287 5
389 289 5
389 297 5
389 335 5
389 343 6
390 0 5
390 1 5
390 5 5
390 21 5
390 35 5
390 38 5
390 47 5
390 69 5
390 87 5
390 99 5
390 113 5
390 124 5
390 125 5
390 137 5
390 145 5
390 146 6
390 151 6
390 170 5
390 175 5
390 186 5
390 191 5
390 207 5
390 210 5
390 217 5
390 233 5
390 250 5
390 254 5
390 277 5
390 287 5
390 298 6
390 300 5
390 332 5
390 347 5
390 352 5
390 363 6
391 16 5
391 20 5
391 21 5
391 22 5
391 49 5
391 66 5
391 87 5
391 93 5
391 96 5
391 97 6
391 124 5
391 148 5
391 156 5
391 163 5
391 197 5
391 240 5
391 252 5
391 256 5
391 265 5
391 268 5
391 275 6
391 298 6
391 303 6
391 343 6
391 356 5
391 357 5
392 0 5
392 5 5
392 26 5
392 35 5
392 42 6
392 60 5
392 63 5
392 67 5
392 69 5
392 74 5
392 78 5
392 82 5
392 85 6
392 87 5
392 93 5
392 96 5
392 99 5
392 101 5
392 102 5
392 103 5
392 113 5
392 114 5
392 131 5
392 132 5
392 139 6
392 145 5
392 146 6
392 153 5
392 156 5
392 161 5
392 164 5
392 165 5
392 166 5
392 172 6
392 181 5
392 197 5
392 207 5
392 217 5
392 219 6
392 229 6
392 237 6
392 240 5
392 244 5
392 256 5
392 259 5
392 260 6
392 265 5
392 274 6
392 293 5
392 300 5
392 306 6
392 310 5
392 318 5
392 330 5
392 332 5
392 345 5
392 347 5
392 350 6
393 0 5
393 26 5
393 35 5
393 63 5
393 69 5
393 78 5
393 79 6
393 99 5
393 114 5
393 132 5
393 156 5
393 164 5
393 166 5
393 172 6
393 207 5
393 217 5
393 240 5
393 256 5
393 259 5
393 260 6
393 300 5
393 330 5
393 332 5
393 341 6
393 345 5
393 347 5
394 5 5
394 9 6
394 45 5
394 47 5
394 52 6
394 55 5
394 73 5
394 79 6
394 93 5
394 105 5
394 137 5
394 172 6
394 185 6
394 274 6
394 275 6
394 287 5
394 306 6
394 310 5
394 334 5
394 348 6
395 5 5
395 21 5
395 23 5
395 49 5
395 55 5
395 58 5
395 63 5
395 102 5
395 123 5
395 124 5
395 161 5
395 193 5
395 211 5
395 223 5
395 225 6
395 268 5
395 330 5
395 339 5
395 352 5
396 5 5
396 11 6
396 12 6
396 23 5
396 49 5
396 55 5
396 58 5
396 63 5
396 102 5
396 123 5
396 124 5
396 161 5
396 193 5
396 211 5
396 223 5
396 268 5
396 330 5
396 339 5
396 341 6
396 352 5
397 25 5
397 42 6
397 150 6
397 183 6
397 224 5
397 296 5
397 357 5
398 21 5
398 33 5
398 44 6
398 60 5
398 96 5
398 151 6
398 254 5
398 277 5
398 311 5
398 332 5
399 21 5
399 33 5
399 60 5
399 96 5
399 120 6
399 151 6
399 158 6
399 177 6
399 246 6
399 254 5
399 277 5
399 303 6
399 311 5
399 316 6
399 332 5
400 229 6
400 250 5
400 276 5
400 294 6
401 5 5
401 28 5
401 30 5
401 35 5
401 38 5
401 60 5
401 69 5
401 97 6
401 103 5
401 106 5
401 118 6
401 124 5
401 145 5
401 164 5
401 175 5
401 186 5
401 197 5
401 202 6
401 235 5
401 240 5
401 256 5
401 267 5
401 275 6
401 292 5
401 299 6
401 303 6
401 325 5
401 343 6
401 347 5
401 357 5
401 360 6
402 5 5
402 35 5
402 45 5
402 96 5
402 113 5
402 117 5
402 127 6
402 128 6
402 156 5
402 250 5
402 287 5
402 300 5
402 341 6
402 355 5
402 357 5
403 33 5
403 69 5
403 97 6
403 112 6
403 164 5
403 177 6
403 196 5
403 217 5
403 235 5
403 275 6
403 301 5
403 334 5
403 340 6
404 0 5
404 3 5
404 5 5
404 21 5
404 23 5
404 25 5
404 26 5
404 38 5
404 45 5
404 51 5
404 58 5
404 61 5
404 63 5
404 65 5
404 74 5
404 89 6
404 102 5
404 111 5
404 124 5
404 126 5
404 145 5
404 148 5
404 164 5
404 184 6
404 189 5
404 193 5
404 195 5
404 207 5
404 223 5
404 250 5
404 286 5
404 289 5
404 292 5
404 294 6
404 300 5
404 305 6
404 310 5
404 337 5
404 351 5
405 21 5
405 26 5
405 27 6
405 33 5
405 67 5
405 84 6
405 86 5
405 97 6
405 120 6
405 139 6
405 148 5
405 177 6
405 184 6
405 185 6
405 216 6
405 217 5
405 219 6
405 240 5
405 251 5
405 259 5
405 263 5
405 287 5
405 298 6
405 299 6
405 300 5
405 303 6
405 306 6
405 318 5
405 330 5
405 340 6
405 343 6
405 356 5
405 363 6
406 0 5
406 2 5
406 4 5
406 5 5
406 7 5
406 14 5
406 23 5
406 69 5
406 74 5
406 75 6
406 79 6
406 80 6
406 85 6
406 93 5
406 105 5
406 111 5
406 112 6
406 114 5
406 148 5
406 151 6
406 156 5
406 162 5
406 165 5
406 172 6
406 174 5
406 175 5
406 181 5
406 196 5
406 197 5
406 223 5
406 257 5
406 260 6
406 262 6
406 293 5
406 306 6
406 308 6
406 319 6
406 330 5
406 332 5
406 333 5
406 339 5
406 340 6
407 43 6
407 49 5
407 50 5
407 55 5
407 67 5
407 89 6
407 97 6
407 146 6
407 156 5
407 164 5
407 182 6
407 183 6
407 184 6
407 198 5
407 209 6
407 216 6
407 218 5
407 234 6
407 236 6
407 269 6
407 280 6
407 288 5
407 294 6
407 295 6
407 314 6
407 316 6
407 328 5
407 334 5
407 340 6
407 342 6
408 0 5
408 5 5
408 38 5
408 42 6
408 47 5
408 69 5
408 83 6
408 93 5
408 102 5
408 103 5
408 105 5
408 110 5
408 111 5
408 112 6
408 113 5
408 123 5
408 127 6
408 129 6
408 132 5
408 151 6
408 177 6
408 207 5
408 217 5
408 238 6
408 266 5
408 278 6
408 287 5
408 292 5
408 301 5
408 323 6
408 332 5
408 334 5
409 0 5
409 5 5
409 12 6
409 33 5
409 43 6
409 47 5
409 64 5
409 65 5
409 89 6
409 96 5
409 111 5
409 121 6
409 146 6
409 182 6
409 183 6
409 184 6
409 191 5
409 197 5
409 209 6
409 234 6
409 236 6
409 250 5
409 260 6
409 262 6
409 269 6
409 274 6
409 280 6
409 284 5
409 287 5
409 288 5
409 294 6
409 295 6
409 299 6
409 314 6
409 330 5
409 332 5
409 337 5
409 340 6
409 342 6
409 347 5
409 350 6
409 363 6
410 29 6
410 56 6
410 81 6
410 85 6
410 91 6
410 97 6
410 138 6
410 146 6
410 177 6
410 208 6
410 217 5
410 219 6
410 229 6
410 259 5
410 274 6
410 308 6
410 316 6
410 326 6
410 340 6
410 361 6
411 29 6
411 43 6
411 79 6
411 81 6
411 127 6
411 217 5
411 229 6
411 259 5
411 274 6
411 306 6
411 315 6
411 316 6
411 323 6
412 0 5
412 5 5
412 52 6
412 74 5
412 75 6
412 79 6
412 85 6
412 93 5
412 99 5
412 102 5
412 113 5
412 127 6
412 166 5
412 175 5
412 184 6
412 193 5
412 207 5
412 216 6
412 217 5
412 219 6
412 229 6
412 240 5
412 259 5
412 288 5
412 330 5
412 340 6
412 347 5
412 348 6
413 0 5
413 5 5
413 74 5
413 85 6
413 93 5
413 99 5
413 102 5
413 113 5
413 166 5
413 175 5
413 184 6
413 193 5
413 207 5
413 208 6
413 217 5
413 240 5
413 259 5
413 288 5
413 330 5
413 347 5
414 79 6
414 96 5
414 112 6
414 164 5
414 165 5
414 168 5
414 181 5
414 191 5
414 213 5
414 223 5
414 249 5
414 330 5
414 340 6
415 33 5
415 56 6
415 73 5
415 75 6
415 84 6
415 87 5
415 150 6
415 182 6
415 183 6
415 188 6
415 211 5
415 219 6
415 225 6
415 229 6
415 250 5
415 274 6
415 307 5
415 316 6
415 340 6
416 63 5
416 340 6
416 343 6
417 0 5
417 5 5
417 29 6
417 74 5
417 75 6
417 79 6
417 85 6
417 93 5
417 99 5
417 102 5
417 113 5
417 166 5
417 175 5
417 184 6
417 193 5
417 207 5
417 217 5
417 240 5
417 259 5
417 288 5
417 330 5
417 347 5
418 33 5
418 150 6
418 297 5
419 24 6
419 25 5
419 29 6
419 43 6
419 82 5
419 85 6
419 91 6
419 92 6
419 93 5
419 97 6
419 105 5
419 112 6
419 139 6
419 141 6
419 146 6
419 148 5
419 172 6
419 173 6
419 216 6
419 217 5
419 229 6
419 251 5
419 274 6
419 294 6
419 295 6
419 301 5
419 302 6
419 308 6
419 315 6
419 316 6
419 332 5
419 340 6
419 341 6
419 357 5
419 360 6
420 5 5
420 7 5
420 21 5
420 25 5
420 33 5
420 35 5
420 46 5
420 63 5
420 74 5
420 76 6
420 77 6
420 93 5
420 105 5
420 114 5
420 124 5
420 126 5
420 151 6
420 171 5
420 183 6
420 190 5
420 216 6
420 217 5
420 219 6
420 245 6
420 254 5
420 259 5
420 266 5
420 292 5
420 297 5
420 300 5
420 316 6
420 328 5
420 340 6
420 346 5
420 351 5
420 357 5
421 5 5
421 7 5
421 21 5
421 25 5
421 33 5
421 35 5
421 46 5
421 52 6
421 63 5
421 74 5
421 76 6
421 77 6
421 93 5
421 105 5
421 114 5
421 124 5
421 126 5
421 151 6
421 171 5
421 190 5
421 217 5
421 254 5
421 259 5
421 266 5
421 273 6
421 292 5
421 297 5
421 300 5
421 328 5
421 340 6
421 346 5
421 351 5
421 357 5
421 363 6
422 5 5
422 7 5
422 21 5
422 25 5
422 33 5
422 35 5
422 46 5
422 63 5
422 74 5
422 76 6
422 77 6
422 91 6
422 93 5
422 105 5
422 114 5
422 124 5
422 126 5
422 151 6
422 171 5
422 190 5
422 199 6
422 217 5
422 219 6
422 229 6
422 245 6
422 254 5
422 259 5
422 266 5
422 292 5
422 297 5
422 300 5
422 316 6
422 328 5
422 340 6
422 346 5
422 351 5
422 357 5
422 363 6
423 0 5
423 5 5
423 12 6
423 33 5
423 37 5
423 43 6
423 65 5
423 69 5
423 76 6
423 77 6
423 83 6
423 85 6
423 89 6
423 93 5
423 96 5
423 99 5
423 124 5
423 132 5
423 143 6
423 172 6
423 174 5
423 181 5
423 189 5
423 197 5
423 199 6
423 212 5
423 219 6
423 220 6
423 226 6
423 229 6
423 234 6
423 266 5
423 274 6
423 276 5
423 278 6
423 294 6
423 296 5
423 297 5
423 306 6
423 308 6
423 311 5
423 313 6
423 316 6
423 325 5
423 329 6
423 332 5
423 335 5
423 337 5
423 338 6
423 340 6
423 343 6
423 351 5
424 1 5
424 4 5
424 5 5
424 26 5
424 35 5
424 42 6
424 45 5
424 63 5
424 64 5
424 69 5
424 89 6
424 96 5
424 98 5
424 112 6
424 140 6
424 153 5
424 188 6
424 189 5
424 191 5
424 210 5
424 211 5
424 217 5
424 220 6
424 240 5
424 255 5
424 288 5
424 294 6
424 295 6
424 297 5
424 299 6
424 300 5
424 303 6
424 309 5
424 316 6
424 323 6
424 326 6
424 327 6
424 332 5
424 335 5
424 341 6
424 343 6
424 347 5
424 349 5
425 1 5
425 4 5
425 5 5
425 26 5
425 35 5
425 45 5
425 63 5
425 64 5
425 69 5
425 89 6
425 91 6
425 96 5
425 97 6
425 98 5
425 112 6
425 153 5
425 189 5
425 191 5
425 210 5
425 211 5
425 217 5
425 220 6
425 240 5
425 255 5
425 288 5
425 294 6
425 295 6
425 297 5
425 299 6
425 300 5
425 309 5
425 316 6
425 326 6
425 327 6
425 332 5
425 335 5
425 341 6
425 343 6
425 347 5
425 349 5
426 1 5
426 4 5
426 5 5
426 26 5
426 35 5
426 43 6
426 45 5
426 63 5
426 64 5
426 69 5
426 79 6
426 85 6
426 91 6
426 96 5
426 98 5
426 112 6
426 146 6
426 153 5
426 189 5
426 191 5
426 210 5
426 211 5
426 217 5
426 240 5
426 255 5
426 278 6
426 288 5
426 297 5
426 299 6
426 300 5
426 309 5
426 332 5
426 335 5
426 347 5
426 349 5
427 1 5
427 4 5
427 5 5
427 26 5
427 35 5
427 45 5
427 63 5
427 64 5
427 69 5
427 79 6
427 96 5
427 98 5
427 112 6
427 153 5
427 189 5
427 191 5
427 210 5
427 211 5
427 217 5
427 220 6
427 240 5
427 255 5
427 278 6
427 288 5
427 297 5
427 299 6
427 300 5
427 309 5
427 332 5
427 335 5
427 347 5
427 349 5
428 12 6
428 25 5
428 33 5
428 35 5
428 42 6
428 47 5
428 56 6
428 63 5
428 85 6
428 91 6
428 96 5
428 102 5
428 107 5
428 111 5
428 123 5
428 137 5
428 139 6
428 146 6
428 150 6
428 159 6
428 183 6
428 188 6
428 207 5
428 220 6
428 221 5
428 225 6
428 250 5
428 274 6
428 292 5
428 297 5
428 303 6
428 306 6
428 313 6
428 316 6
428 332 5
428 334 5
428 335 5
429 0 5
429 15 5
429 33 5
429 45 5
429 56 6
429 57 5
429 74 5
429 79 6
429 91 6
429 96 5
429 103 5
429 107 5
429 111 5
429 137 5
429 139 6
429 146 6
429 150 6
429 156 5
429 159 6
429 176 5
429 183 6
429 188 6
429 196 5
429 214 5
429 220 6
429 240 5
429 254 5
429 256 5
429 259 5
429 274 6
429 287 5
429 289 5
429 292 5
429 303 6
429 313 6
429 316 6
430 33 5
430 79 6
430 87 5
430 141 6
430 146 6
430 189 5
430 217 5
430 284 5
430 312 6
430 335 5
431 35 5
431 74 5
431 181 5
431 274 6
432 12 6
432 33 5
432 43 6
432 55 5
432 76 6
432 77 6
432 83 6
432 89 6
432 99 5
432 143 6
432 148 5
432 156 5
432 189 5
432 197 5
432 199 6
432 219 6
432 220 6
432 226 6
432 234 6
432 274 6
432 278 6
432 294 6
432 306 6
432 308 6
432 313 6
432 316 6
432 329 6
432 333 5
432 334 5
432 338 6
432 340 6
433 33 5
433 55 5
433 76 6
433 89 6
433 99 5
433 148 5
433 156 5
433 177 6
433 189 5
433 197 5
433 199 6
433 208 6
433 219 6
433 220 6
433 278 6
433 333 5
433 334 5
434 12 6
434 33 5
434 42 6
434 87 5
434 102 5
434 259 5
434 266 5
435 25 5
435 79 6
435 85 6
435 89 6
435 146 6
435 156 5
435 340 6
436 61 5
436 91 6
436 149 6
436 150 6
436 274 6
436 294 6
436 340 6
436 343 6
436 344 5
437 49 5
437 93 5
437 146 6
437 164 5
437 199 6
437 241 5
437 255 5
437 280 6
437 330 5
437 341 6
437 342 6
438 44 6
438 93 5
438 164 5
438 241 5
438 255 5
438 274 6
438 330 5
438 340 6
439 69 5
439 133 5
439 137 5
439 149 6
439 150 6
439 161 5
439 189 5
439 196 5
439 240 5
439 256 5
439 286 5
439 287 5
439 293 5
439 334 5
439 340 6
440 5 5
440 7 5
440 21 5
440 25 5
440 33 5
440 35 5
440 46 5
440 63 5
440 74 5
440 76 6
440 77 6
440 81 6
440 93 5
440 105 5
440 114 5
440 124 5
440 126 5
440 140 6
440 151 6
440 171 5
440 190 5
440 217 5
440 219 6
440 254 5
440 259 5
440 266 5
440 292 5
440 297 5
440 300 5
440 306 6
440 328 5
440 346 5
440 351 5
440 357 5
441 33 5
441 49 5
441 82 5
441 147 6
441 154 6
441 197 5
441 219 6
441 250 5
441 296 5
441 340 6
442 33 5
442 49 5
442 82 5
442 92 6
442 127 6
442 152 6
442 154 6
442 197 5
442 205 6
442 247 6
442 250 5
442 296 5
443 0 5
443 5 5
443 17 6
443 31 5
443 34 5
443 35 5
443 36 5
443 47 5
443 56 6
443 69 5
443 71 5
443 79 6
443 85 6
443 105 5
443 106 5
443 111 5
443 112 6
443 116 5
443 131 5
443 146 6
443 191 5
443 196 5
443 209 6
443 223 5
443 229 6
443 238 6
443 261 6
443 268 5
443 274 6
443 275 6
443 288 5
443 308 6
443 314 6
443 330 5
443 343 6
443 351 5
444 0 5
444 12 6
444 21 5
444 33 5
444 38 5
444 43 6
444 55 5
444 63 5
444 69 5
444 73 5
444 76 6
444 77 6
444 83 6
444 89 6
444 93 5
444 96 5
444 99 5
444 101 5
444 103 5
444 124 5
444 132 5
444 143 6
444 145 5
444 148 5
444 156 5
444 161 5
444 167 5
444 181 5
444 189 5
444 197 5
444 199 6
444 217 5
444 219 6
444 220 6
444 226 6
444 234 6
444 256 5
444 257 5
444 259 5
444 274 6
444 278 6
444 292 5
444 294 6
444 306 6
444 308 6
444 313 6
444 316 6
444 329 6
444 332 5
444 334 5
444 338 6
444 340 6
445 0 5
445 12 6
445 21 5
445 33 5
445 38 5
445 43 6
445 55 5
445 63 5
445 69 5
445 73 5
445 76 6
445 77 6
445 83 6
445 89 6
445 93 5
445 96 5
445 99 5
445 101 5
445 103 5
445 124 5
445 132 5
445 143 6
445 145 5
445 148 5
445 156 5
445 161 5
445 167 5
445 181 5
445 189 5
445 197 5
445 199 6
445 208 6
445 217 5
445 219 6
445 220 6
445 226 6
445 234 6
445 256 5
445 257 5
445 259 5
445 274 6
445 278 6
445 292 5
445 294 6
445 303 6
445 306 6
445 308 6
445 313 6
445 316 6
445 329 6
445 332 5
445 334 5
445 338 6
445 340 6
446 21 5
446 26 5
446 33 5
446 67 5
446 75 6
446 86 5
446 97 6
446 119 6
446 120 6
446 128 6
446 138 6
446 139 6
446 141 6
446 148 5
446 150 6
446 177 6
446 183 6
446 184 6
446 216 6
446 217 5
446 229 6
446 240 5
446 251 5
446 259 5
446 263 5
446 287 5
446 291 6
446 294 6
446 298 6
446 299 6
446 300 5
446 306 6
446 318 5
446 330 5
446 340 6
446 341 6
446 342 6
446 343 6
446 356 5
446 363 6
447 0 5
447 38 5
447 47 5
447 66 5
447 69 5
447 75 6
447 77 6
447 79 6
447 83 6
447 94 6
447 97 6
447 111 5
447 119 6
447 120 6
447 128 6
447 138 6
447 139 6
447 141 6
447 150 6
447 177 6
447 181 5
447 183 6
447 184 6
447 190 5
447 191 5
447 196 5
447 197 5
447 216 6
447 229 6
447 235 5
447 242 5
447 248 5
447 266 5
447 274 6
447 289 5
447 291 6
447 294 6
447 297 5
447 298 6
447 299 6
447 300 5
447 301 5
447 303 6
447 306 6
447 340 6
447 341 6
447 342 6
447 343 6
447 347 5
447 351 5
447 363 6
448 0 5
448 27 6
448 38 5
448 47 5
448 66 5
448 69 5
448 84 6
448 88 6
448 97 6
448 111 5
448 120 6
448 128 6
448 139 6
448 150 6
448 177 6
448 181 5
448 183 6
448 184 6
448 190 5
448 191 5
448 196 5
448 197 5
448 216 6
448 219 6
448 227 6
448 235 5
448 242 5
448 248 5
448 261 6
448 266 5
448 289 5
448 291 6
448 297 5
448 298 6
448 299 6
448 300 5
448 301 5
448 303 6
448 306 6
448 316 6
448 340 6
448 343 6
448 347 5
448 351 5
448 363 6
449 71 5
449 76 6
449 332 5
449 340 6
449 341 6
449 342 6
450 5 5
450 15 5
450 21 5
450 47 5
450 62 5
450 64 5
450 65 5
450 74 5
450 78 5
450 87 5
450 93 5
450 96 5
450 111 5
450 135 5
450 137 5
450 156 5
450 161 5
450 164 5
450 166 5
450 172 6
450 191 5
450 193 5
450 197 5
450 248 5
450 277 5
450 287 5
450 299 6
450 307 5
450 330 5
450 332 5
450 335 5
450 344 5
450 347 5
450 351 5
450 352 5
451 5 5
451 25 5
451 33 5
451 38 5
451 45 5
451 74 5
451 87 5
451 146 6
451 157 5
451 164 5
451 170 5
451 208 6
451 240 5
451 250 5
451 252 5
451 259 5
451 289 5
451 296 5
451 307 5
451 316 6
451 332 5
451 335 5
452 29 6
452 38 5
452 143 6
452 146 6
452 172 6
452 175 5
452 274 6
452 310 5
452 325 5
452 334 5
452 340 6
452 341 6
452 342 6
452 343 6
452 351 5
452 357 5
453 0 5
453 19 5
453 25 5
453 33 5
453 35 5
453 45 5
453 47 5
453 78 5
453 111 5
453 113 5
453 132 5
453 135 5
453 153 5
453 163 5
453 164 5
453 183 6
453 197 5
453 207 5
453 225 6
453 233 5
453 237 6
453 240 5
453 299 6
453 300 5
453 314 6
453 334 5
453 351 5
454 0 5
454 5 5
454 12 6
454 33 5
454 37 5
454 43 6
454 65 5
454 69 5
454 76 6
454 77 6
454 83 6
454 85 6
454 89 6
454 93 5
454 96 5
454 99 5
454 124 5
454 132 5
454 143 6
454 146 6
454 172 6
454 174 5
454 181 5
454 189 5
454 197 5
454 199 6
454 212 5
454 219 6
454 220 6
454 226 6
454 234 6
454 266 5
454 274 6
454 276 5
454 278 6
454 294 6
454 296 5
454 297 5
454 306 6
454 308 6
454 311 5
454 313 6
454 316 6
454 325 5
454 329 6
454 332 5
454 335 5
454 337 5
454 338 6
454 340 6
454 343 6
454 351 5
455 0 5
455 5 5
455 33 5
455 37 5
455 65 5
455 69 5
455 76 6
455 79 6
455 85 6
455 89 6
455 93 5
455 96 5
455 99 5
455 124 5
455 132 5
455 172 6
455 174 5
455 181 5
455 189 5
455 197 5
455 199 6
455 208 6
455 212 5
455 219 6
455 220 6
455 266 5
455 276 5
455 278 6
455 296 5
455 297 5
455 311 5
455 325 5
455 332 5
455 335 5
455 337 5
455 343 6
455 351 5
456 12 6
456 52 6
456 53 6
456 84 6
456 89 6
456 91 6
456 95 6
456 105 5
456 112 6
456 122 6
456 146 6
456 152 6
456 156 5
456 177 6
456 183 6
456 184 6
456 197 5
456 205 6
456 229 6
456 242 5
456 247 6
456 262 6
456 273 6
456 274 6
456 275 6
456 279 6
456 281 5
456 294 6
456 297 5
456 303 6
456 308 6
456 310 5
456 316 6
456 326 6
456 327 6
456 330 5
456 331 5
456 332 5
456 333 5
456 362 6
457 25 5
457 83 6
457 85 6
457 146 6
457 229 6
457 340 6
457 354 6
458 5 5
458 9 6
458 21 5
458 45 5
458 47 5
458 52 6
458 55 5
458 63 5
458 73 5
458 79 6
458 93 5
458 105 5
458 137 5
458 156 5
458 163 5
458 172 6
458 207 5
458 221 5
458 233 5
458 240 5
458 274 6
458 275 6
458 287 5
458 310 5
458 328 5
458 332 5
458 334 5
459 59 6
459 61 5
459 79 6
459 118 6
459 146 6
459 164 5
459 181 5
459 184 6
459 209 6
459 229 6
459 261 6
459 300 5
459 314 6
459 316 6
459 329 6
459 333 5
459 343 6
459 357 5
460 40 6
460 61 5
460 340 6
460 344 5
461 0 5
461 1 5
461 5 5
461 8 5
461 12 6
461 21 5
461 35 5
461 38 5
461 47 5
461 69 5
461 87 5
461 99 5
461 104 5
461 113 5
461 124 5
461 125 5
461 137 5
461 145 5
461 151 6
461 156 5
461 170 5
461 175 5
461 186 5
461 191 5
461 207 5
461 210 5
461 217 5
461 233 5
461 250 5
461 254 5
461 277 5
461 287 5
461 297 5
461 300 5
461 332 5
461 337 5
461 347 5
461 352 5
462 72 5
462 97 6
462 111 5
462 190 5
462 228 6
462 271 5
462 300 5
462 320 6
462 332 5
463 49 5
463 55 5
463 69 5
463 73 5
463 75 6
463 97 6
463 132 5
463 146 6
463 151 6
463 190 5
463 210 5
463 259 5
463 287 5
463 289 5
463 292 5
463 316 6
464 0 5
464 35 5
464 39 5
464 69 5
464 79 6
464 105 5
464 124 5
464 229 6
464 256 5
464 289 5
464 300 5
464 302 6
464 332 5
464 337 5
465 5 5
465 14 5
465 64 5
465 89 6
465 93 5
465 189 5
465 215 6
465 219 6
465 225 6
465 274 6
465 303 6
465 306 6
465 308 6
465 316 6
465 322 5
465 340 6
465 347 5
466 35 5
466 61 5
466 64 5
466 89 6
466 112 6
466 154 6
466 177 6
466 208 6
466 217 5
466 219 6
466 220 6
466 230 6
466 242 5
466 251 5
466 272 6
466 274 6
466 278 6
466 299 6
466 301 5
466 302 6
466 334 5
466 340 6
466 361 6
467 35 5
467 61 5
467 64 5
467 89 6
467 91 6
467 112 6
467 147 6
467 154 6
467 177 6
467 208 6
467 217 5
467 219 6
467 242 5
467 251 5
467 272 6
467 274 6
467 299 6
467 301 5
467 302 6
467 334 5
467 340 6
467 361 6
468 42 6
468 43 6
468 58 5
468 76 6
468 99 5
468 144 6
468 148 5
468 189 5
468 217 5
468 274 6
468 278 6
468 284 5
468 308 6
468 323 6
468 332 5
468 343 6
469 5 5
469 16 5
469 61 5
469 76 6
469 86 5
469 113 5
469 146 6
469 177 6
469 229 6
469 239 5
469 274 6
469 286 5
469 288 5
469 340 6
470 0 5
470 5 5
470 42 6
470 52 6
470 60 5
470 67 5
470 69 5
470 74 5
470 79 6
470 82 5
470 85 6
470 87 5
470 93 5
470 96 5
470 97 6
470 101 5
470 102 5
470 103 5
470 112 6
470 113 5
470 127 6
470 131 5
470 132 5
470 145 5
470 146 6
470 153 5
470 161 5
470 165 5
470 172 6
470 177 6
470 181 5
470 197 5
470 203 6
470 206 6
470 207 5
470 219 6
470 244 5
470 265 5
470 274 6
470 278 6
470 279 6
470 293 5
470 306 6
470 308 6
470 310 5
470 318 5
470 330 5
470 332 5
470 350 6
471 0 5
471 5 5
471 42 6
471 60 5
471 67 5
471 69 5
471 74 5
471 75 6
471 76 6
471 82 5
471 85 6
471 87 5
471 90 6
471 93 5
471 96 5
471 101 5
471 102 5
471 103 5
471 113 5
471 131 5
471 132 5
471 145 5
471 146 6
471 153 5
471 161 5
471 165 5
471 172 6
471 177 6
471 181 5
471 182 6
471 197 5
471 206 6
471 207 5
471 219 6
471 229 6
471 244 5
471 265 5
471 274 6
471 293 5
471 306 6
471 310 5
471 316 6
471 318 5
471 330 5
471 332 5
471 340 6
471 350 6
472 6 5
472 19 5
472 21 5
472 61 5
472 69 5
472 76 6
472 79 6
472 85 6
472 90 6
472 123 5
472 124 5
472 125 5
472 127 6
472 145 5
472 146 6
472 155 5
472 156 5
472 164 5
472 167 5
472 172 6
472 191 5
472 198 5
472 203 6
472 206 6
472 211 5
472 219 6
472 220 6
472 229 6
472 240 5
472 249 5
472 256 5
472 265 5
472 274 6
472 278 6
472 279 6
472 284 5
472 287 5
472 306 6
472 316 6
472 346 5
472 347 5
473 2 5
473 6 5
473 9 6
473 13 6
473 15 5
473 18 6
473 19 5
473 28 5
473 30 5
473 35 5
473 42 6
473 66 5
473 73 5
473 76 6
473 77 6
473 102 5
473 103 5
473 108 5
473 110 5
473 123 5
473 136 5
473 175 5
473 177 6
473 199 6
473 219 6
473 220 6
473 223 5
473 235 5
473 256 5
473 265 5
473 282 5
473 296 5
473 297 5
473 325 5
473 330 5
473 343 6
473 357 5
474 0 5
474 6 5
474 15 5
474 26 5
474 33 5
474 38 5
474 42 6
474 46 5
474 55 5
474 65 5
474 67 5
474 69 5
474 71 5
474 77 6
474 85 6
474 86 5
474 96 5
474 97 6
474 146 6
474 175 5
474 181 5
474 189 5
474 193 5
474 196 5
474 197 5
474 211 5
474 219 6
474 263 5
474 276 5
474 294 6
474 316 6
474 323 6
474 340 6
474 356 5
475 0 5
475 6 5
475 15 5
475 26 5
475 33 5
475 38 5
475 46 5
475 55 5
475 65 5
475 67 5
475 69 5
475 71 5
475 85 6
475 86 5
475 96 5
475 175 5
475 181 5
475 189 5
475 193 5
475 196 5
475 197 5
475 211 5
475 219 6
475 263 5
475 276 5
475 356 5
476 0 5
476 1 5
476 5 5
476 12 6
476 17 6
476 21 5
476 35 5
476 38 5
476 79 6
476 85 6
476 87 5
476 97 6
476 99 5
476 103 5
476 111 5
476 113 5
476 127 6
476 137 5
476 145 5
476 146 6
476 148 5
476 151 6
476 156 5
476 161 5
476 162 5
476 175 5
476 186 5
476 191 5
476 192 5
476 203 6
476 206 6
476 207 5
476 219 6
476 220 6
476 233 5
476 250 5
476 259 5
476 274 6
476 277 5
476 278 6
476 279 6
476 287 5
476 294 6
476 300 5
476 306 6
476 332 5
476 340 6
476 343 6
476 347 5
476 352 5
476 357 5
477 0 5
477 1 5
477 5 5
477 17 6
477 21 5
477 35 5
477 38 5
477 75 6
477 76 6
477 77 6
477 85 6
477 87 5
477 90 6
477 99 5
477 103 5
477 111 5
477 113 5
477 137 5
477 145 5
477 148 5
477 151 6
477 156 5
477 161 5
477 162 5
477 175 5
477 186 5
477 191 5
477 192 5
477 206 6
477 207 5
477 220 6
477 229 6
477 233 5
477 250 5
477 259 5
477 274 6
477 277 5
477 287 5
477 300 5
477 316 6
477 332 5
477 340 6
477 347 5
477 352 5
477 357 5
478 71 5
478 73 5
478 112 6
478 219 6
479 75 6
479 220 6
479 233 5
479 339 5
480 2 5
480 21 5
480 33 5
480 74 5
480 117 5
480 123 5
480 126 5
480 150 6
480 233 5
480 248 5
480 252 5
480 277 5
480 332 5
480 351 5
481 3 5
481 5 5
481 21 5
481 33 5
481 42 6
481 49 5
481 50 5
481 51 5
481 76 6
481 94 6
481 96 5
481 102 5
481 112 6
481 114 5
481 115 6
481 134 6
481 137 5
481 141 6
481 147 6
481 148 5
481 156 5
481 160 5
481 176 5
481 189 5
481 191 5
481 192 5
481 208 6
481 212 5
481 218 5
481 219 6
481 229 6
481 238 6
481 244 5
481 249 5
481 250 5
481 266 5
481 305 6
481 307 5
481 310 5
481 315 6
481 316 6
481 324 5
481 330 5
481 340 6
481 351 5
481 360 6
482 3 5
482 5 5
482 21 5
482 33 5
482 42 6
482 49 5
482 50 5
482 51 5
482 85 6
482 94 6
482 96 5
482 102 5
482 112 6
482 114 5
482 115 6
482 128 6
482 134 6
482 137 5
482 141 6
482 146 6
482 148 5
482 156 5
482 160 5
482 172 6
482 176 5
482 178 6
482 189 5
482 191 5
482 192 5
482 208 6
482 212 5
482 218 5
482 219 6
482 229 6
482 237 6
482 244 5
482 249 5
482 250 5
482 262 6
482 266 5
482 294 6
482 303 6
482 306 6
482 307 5
482 310 5
482 312 6
482 314 6
482 316 6
482 324 5
482 330 5
482 351 5
482 359 6
482 360 6
482 481 7
483 3 5
483 5 5
483 21 5
483 33 5
483 49 5
483 50 5
483 51 5
483 85 6
483 94 6
483 96 5
483 102 5
483 112 6
483 114 5
483 115 6
483 137 5
483 141 6
483 146 6
483 148 5
483 156 5
483 160 5
483 176 5
483 189 5
483 191 5
483 192 5
483 212 5
483 218 5
483 219 6
483 229 6
483 244 5
483 249 5
483 250 5
483 266 5
483 274 6
483 306 6
483 307 5
483 310 5
483 316 6
483 323 6
483 324 5
483 330 5
483 351 5
483 360 6
483 482 7
484 25 5
484 26 5
484 33 5
484 69 5
484 71 5
484 73 5
484 96 5
484 99 5
484 105 5
484 125 5
484 135 5
484 136 5
484 145 5
484 160 5
484 181 5
484 248 5
484 277 5
484 292 5
484 303 6
484 310 5
484 334 5
484 340 6
484 343 6
484 349 5
484 356 5
484 357 5
485 0 5
485 26 5
485 35 5
485 63 5
485 69 5
485 78 5
485 99 5
485 114 5
485 132 5
485 146 6
485 156 5
485 164 5
485 166 5
485 172 6
485 207 5
485 217 5
485 229 6
485 240 5
485 256 5
485 259 5
485 260 6
485 261 6
485 300 5
485 303 6
485 330 5
485 332 5
485 345 5
485 347 5
486 0 5
486 26 5
486 35 5
486 63 5
486 69 5
486 78 5
486 79 6
486 99 5
486 114 5
486 132 5
486 156 5
486 164 5
486 166 5
486 172 6
486 207 5
486 217 5
486 240 5
486 256 5
486 259 5
486 260 6
486 300 5
486 330 5
486 332 5
486 345 5
486 347 5
487 0 5
487 33 5
487 37 5
487 52 6
487 72 5
487 74 5
487 85 6
487 86 5
487 93 5
487 106 5
487 171 5
487 174 5
487 189 5
487 197 5
487 217 5
487 226 6
487 260 6
487 295 6
487 303 6
487 311 5
487 332 5
487 337 5
487 350 6
487 351 5
488 0 5
488 33 5
488 37 5
488 72 5
488 74 5
488 85 6
488 86 5
488 93 5
488 106 5
488 171 5
488 174 5
488 189 5
488 197 5
488 217 5
488 226 6
488 260 6
488 269 6
488 295 6
488 303 6
488 311 5
488 332 5
488 337 5
488 350 6
488 351 5
489 0 5
489 33 5
489 37 5
489 72 5
489 74 5
489 85 6
489 86 5
489 93 5
489 96 5
489 102 5
489 106 5
489 171 5
489 174 5
489 181 5
489 189 5
489 190 5
489 197 5
489 217 5
489 226 6
489 260 6
489 277 5
489 295 6
489 303 6
489 311 5
489 332 5
489 337 5
489 350 6
489 351 5
489 356 5
490 0 5
490 33 5
490 37 5
490 72 5
490 74 5
490 85 6
490 86 5
490 93 5
490 106 5
490 171 5
490 174 5
490 189 5
490 197 5
490 217 5
490 226 6
490 260 6
490 295 6
490 303 6
490 311 5
490 332 5
490 337 5
490 350 6
490 351 5
491 2 5
491 5 5
491 25 5
491 28 5
491 35 5
491 37 5
491 45 5
491 63 5
491 66 5
491 75 6
491 79 6
491 87 5
491 90 6
491 97 6
491 103 5
491 117 5
491 123 5
491 132 5
491 136 5
491 181 5
491 191 5
491 197 5
491 201 5
491 218 5
491 219 6
491 235 5
491 240 5
491 241 5
491 244 5
491 249 5
491 288 5
491 292 5
491 335 5
491 355 5
492 2 5
492 5 5
492 25 5
492 28 5
492 35 5
492 37 5
492 45 5
492 63 5
492 66 5
492 85 6
492 87 5
492 97 6
492 103 5
492 117 5
492 123 5
492 132 5
492 136 5
492 146 6
492 181 5
492 191 5
492 197 5
492 201 5
492 218 5
492 219 6
492 229 6
492 235 5
492 240 5
492 241 5
492 244 5
492 249 5
492 274 6
492 288 5
492 292 5
492 335 5
492 355 5
493 5 5
493 25 5
493 28 5
493 35 5
493 37 5
493 42 6
493 63 5
493 66 5
493 75 6
493 79 6
493 87 5
493 103 5
493 117 5
493 123 5
493 132 5
493 136 5
493 191 5
493 197 5
493 201 5
493 218 5
493 229 6
493 235 5
493 240 5
493 241 5
493 244 5
493 249 5
493 288 5
493 292 5
493 316 6
493 335 5
493 355 5
494 2 5
494 5 5
494 25 5
494 28 5
494 35 5
494 37 5
494 45 5
494 63 5
494 66 5
494 85 6
494 87 5
494 97 6
494 103 5
494 117 5
494 122 6
494 123 5
494 130 6
494 132 5
494 136 5
494 140 6
494 146 6
494 181 5
494 191 5
494 197 5
494 201 5
494 218 5
494 219 6
494 227 6
494 235 5
494 240 5
494 241 5
494 244 5
494 249 5
494 288 5
494 292 5
494 294 6
494 335 5
494 355 5
495 2 5
495 5 5
495 25 5
495 28 5
495 35 5
495 37 5
495 45 5
495 56 6
495 63 5
495 66 5
495 79 6
495 87 5
495 103 5
495 117 5
495 123 5
495 130 6
495 132 5
495 136 5
495 181 5
495 188 6
495 191 5
495 197 5
495 201 5
495 218 5
495 235 5
495 240 5
495 241 5
495 244 5
495 249 5
495 288 5
495 292 5
495 335 5
495 355 5
496 27 6
496 42 6
496 43 6
496 69 5
496 83 6
496 91 6
496 97 6
496 105 5
496 112 6
496 137 5
496 140 6
496 177 6
496 183 6
496 197 5
496 276 5
496 277 5
496 279 6
496 294 6
496 307 5
496 320 6
496 360 6
497 2 5
497 6 5
497 12 6
497 15 5
497 19 5
497 28 5
497 30 5
497 35 5
497 42 6
497 66 5
497 73 5
497 79 6
497 102 5
497 103 5
497 108 5
497 110 5
497 123 5
497 136 5
497 175 5
497 219 6
497 223 5
497 235 5
497 256 5
497 265 5
497 282 5
497 296 5
497 297 5
497 325 5
497 330 5
497 343 6
497 357 5
498 16 5
498 33 5
498 45 5
498 52 6
498 63 5
498 65 5
498 69 5
498 91 6
498 93 5
498 151 6
498 153 5
498 171 5
498 184 6
498 220 6
498 240 5
498 306 6
498 332 5
498 343 6
498 355 5
499 16 5
499 33 5
499 45 5
499 63 5
499 65 5
499 69 5
499 93 5
499 151 6
499 153 5
499 171 5
499 177 6
499 184 6
499 240 5
499 332 5
499 343 6
499 355 5
500 271 5
500 301 5
500 303 6
501 16 5
501 67 5
501 82 5
501 102 5
501 179 5
501 248 5
501 250 5
501 256 5
501 296 5
501 331 5
502 0 5
502 5 5
502 23 5
502 26 5
502 39 5
502 45 5
502 55 5
502 61 5
502 73 5
502 135 5
502 156 5
502 160 5
502 161 5
502 175 5
502 181 5
502 210 5
502 212 5
502 220 6
502 233 5
502 275 6
502 283 5
502 285 5
502 296 5
502 297 5
502 310 5
502 337 5
502 343 6
503 124 5
503 147 6
503 156 5
503 334 5
504 38 5
504 50 5
504 52 6
504 79 6
504 172 6
504 220 6
504 302 6
504 357 5
504 363 6
505 49 5
505 96 5
505 103 5
505 170 5
505 196 5
505 240 5
505 267 5
505 302 6
505 308 6
505 328 5
505 334 5
506 0 5
506 19 5
506 72 5
506 123 5
506 187 5
506 197 5
506 220 6
506 231 6
506 297 5
506 299 6
506 343 6
507 0 5
507 2 5
507 4 5
507 5 5
507 21 5
507 33 5
507 63 5
507 71 5
507 74 5
507 85 6
507 93 5
507 99 5
507 102 5
507 105 5
507 108 5
507 151 6
507 156 5
507 170 5
507 172 6
507 174 5
507 181 5
507 190 5
507 197 5
507 207 5
507 229 6
507 235 5
507 257 5
507 276 5
507 297 5
507 300 5
507 304 5
507 334 5
507 352 5
508 8 5
508 23 5
508 96 5
508 103 5
508 113 5
508 161 5
508 172 6
508 276 5
508 288 5
508 300 5
508 308 6
508 319 6
509 47 5
509 105 5
509 156 5
509 189 5
509 250 5
509 358 6
510 42 6
510 56 6
510 77 6
510 83 6
510 97 6
510 112 6
510 113 5
510 114 5
510 122 6
510 138 6
510 141 6
510 150 6
510 187 5
510 207 5
510 219 6
510 223 5
510 229 6
510 235 5
510 238 6
510 274 6
510 288 5
510 290 6
510 298 6
510 299 6
510 300 5
510 310 5
510 315 6
510 316 6
510 326 6
510 340 6
510 341 6
510 342 6
511 19 5
511 76 6
511 113 5
511 114 5
511 122 6
511 187 5
511 207 5
511 223 5
511 235 5
511 250 5
511 288 5
511 298 6
511 300 5
511 306 6
511 310 5
511 340 6
512 24 6
512 25 5
512 105 5
512 127 6
512 146 6
512 196 5
512 207 5
512 223 5
512 252 5
512 300 5
512 310 5
512 330 5
512 332 5
512 343 6
512 351 5
513 16 5
513 63 5
513 67 5
513 82 5
513 102 5
513 179 5
513 248 5
513 250 5
513 256 5
513 296 5
513 307 5
513 331 5
514 2 5
514 6 5
514 15 5
514 19 5
514 28 5
514 30 5
514 35 5
514 42 6
514 66 5
514 73 5
514 76 6
514 89 6
514 102 5
514 103 5
514 108 5
514 110 5
514 123 5
514 136 5
514 175 5
514 199 6
514 208 6
514 220 6
514 223 5
514 235 5
514 256 5
514 265 5
514 278 6
514 282 5
514 296 5
514 297 5
514 325 5
514 330 5
514 343 6
514 357 5
515 2 5
515 6 5
515 15 5
515 19 5
515 28 5
515 30 5
515 35 5
515 42 6
515 66 5
515 73 5
515 102 5
515 103 5
515 108 5
515 110 5
515 123 5
515 136 5
515 175 5
515 223 5
515 226 6
515 235 5
515 256 5
515 260 6
515 265 5
515 282 5
515 295 6
515 296 5
515 297 5
515 303 6
515 325 5
515 330 5
515 343 6
515 357 5
516 0 5
516 2 5
516 21 5
516 26 5
516 35 5
516 42 6
516 43 6
516 113 5
516 150 6
516 161 5
516 193 5
516 196 5
516 211 5
516 296 5
516 301 5
516 347 5
516 352 5
517 5 5
517 33 5
517 47 5
517 163 5
517 189 5
517 210 5
517 223 5
517 316 6
518 47 5
518 49 5
518 63 5
518 93 5
518 124 5
518 197 5
518 210 5
518 219 6
518 297 5
518 303 6
518 330 5
518 343 6
519 0 5
519 33 5
519 37 5
519 56 6
519 72 5
519 74 5
519 85 6
519 86 5
519 93 5
519 106 5
519 146 6
519 171 5
519 174 5
519 188 6
519 189 5
519 197 5
519 217 5
519 219 6
519 311 5
519 332 5
519 337 5
519 343 6
519 350 6
519 351 5
519 360 6
520 0 5
520 33 5
520 37 5
520 52 6
520 56 6
520 72 5
520 74 5
520 85 6
520 86 5
520 93 5
520 106 5
520 146 6
520 171 5
520 174 5
520 188 6
520 189 5
520 197 5
520 200 6
520 217 5
520 219 6
520 306 6
520 311 5
520 332 5
520 337 5
520 343 6
520 350 6
520 351 5
521 5 5
521 14 5
521 15 5
521 21 5
521 26 5
521 32 5
521 42 6
521 43 6
521 103 5
521 113 5
521 151 6
521 196 5
521 210 5
521 211 5
521 242 5
521 256 5
521 296 5
521 321 5
521 337 5
521 341 6
521 347 5
521 349 5
521 352 5
521 356 5
522 14 5
522 33 5
522 54 6
522 163 5
522 170 5
522 184 6
522 197 5
522 298 6
522 321 5
523 43 6
523 137 5
523 142 6
523 150 6
523 223 5
523 240 5
523 266 5
524 43 6
524 137 5
524 150 6
524 223 5
524 240 5
524 266 5
525 0 5
525 38 5
525 78 5
525 137 5
525 146 6
525 150 6
525 154 6
525 295 6
526 5 5
526 23 5
526 61 5
526 103 5
526 150 6
526 217 5
526 334 5
526 351 5
527 66 5
527 69 5
527 274 6
528 5 5
528 55 5
528 78 5
528 103 5
528 150 6
528 161 5
528 250 5
528 300 5
528 334 5
528 335 5
529 25 5
529 26 5
529 33 5
529 69 5
529 71 5
529 73 5
529 96 5
529 99 5
529 105 5
529 125 5
529 135 5
529 136 5
529 145 5
529 150 6
529 160 5
529 181 5
529 248 5
529 277 5
529 292 5
529 303 6
529 310 5
529 334 5
529 340 6
529 343 6
529 349 5
529 356 5
529 357 5
530 21 5
530 49 5
530 74 5
530 96 5
530 102 5
530 132 5
530 146 6
530 148 5
530 150 6
530 164 5
530 296 5
530 333 5
531 10 5
531 33 5
531 85 6
531 105 5
531 112 6
531 126 5
531 172 6
531 187 5
531 196 5
531 252 5
531 316 6
531 332 5
531 336 5
531 351 5
532 5 5
532 33 5
532 45 5
532 47 5
532 93 5
532 96 5
532 145 5
532 150 6
532 210 5
532 250 5
532 343 6
533 6 5
533 25 5
533 26 5
533 38 5
533 61 5
533 66 5
533 105 5
533 113 5
533 137 5
533 150 6
533 203 6
533 211 5
533 223 5
533 256 5
533 296 5
533 297 5
533 321 5
533 332 5
533 339 5
533 357 5
534 5 5
534 55 5
534 63 5
534 69 5
534 150 6
534 161 5
534 197 5
534 300 5
534 332 5
534 334 5
534 335 5
535 37 5
535 220 6
535 300 5
535 310 5
535 337 5
536 5 5
536 7 5
536 21 5
536 25 5
536 33 5
536 35 5
536 43 6
536 46 5
536 63 5
536 74 5
536 93 5
536 105 5
536 114 5
536 124 5
536 126 5
536 138 6
536 139 6
536 146 6
536 151 6
536 171 5
536 190 5
536 203 6
536 204 6
536 217 5
536 229 6
536 254 5
536 259 5
536 266 5
536 290 6
536 292 5
536 294 6
536 295 6
536 297 5
536 300 5
536 303 6
536 308 6
536 328 5
536 346 5
536 351 5
536 357 5
537 79 6
537 89 6
537 102 5
537 117 5
537 123 5
537 189 5
537 229 6
537 288 5
537 300 5
537 332 5
538 0 5
538 38 5
538 47 5
538 66 5
538 69 5
538 75 6
538 97 6
538 111 5
538 119 6
538 120 6
538 138 6
538 139 6
538 141 6
538 146 6
538 177 6
538 181 5
538 183 6
538 184 6
538 190 5
538 191 5
538 196 5
538 197 5
538 216 6
538 229 6
538 235 5
538 242 5
538 248 5
538 266 5
538 289 5
538 297 5
538 298 6
538 299 6
538 300 5
538 301 5
538 303 6
538 306 6
538 340 6
538 341 6
538 342 6
538 343 6
538 347 5
538 351 5
538 363 6
539 0 5
539 26 5
539 35 5
539 63 5
539 69 5
539 78 5
539 99 5
539 114 5
539 132 5
539 156 5
539 164 5
539 166 5
539 172 6
539 207 5
539 217 5
539 220 6
539 240 5
539 256 5
539 259 5
539 300 5
539 330 5
539 332 5
539 345 5
539 347 5
540 103 5
540 127 6
541 2 5
541 203 6
541 223 5
541 235 5
541 294 6
541 307 5
542 33 5
542 65 5
542 66 5
542 74 5
542 87 5
542 93 5
542 124 5
542 184 6
542 201 5
542 229 6
542 242 5
542 277 5
542 325 5
542 332 5
542 337 5
543 19 5
543 76 6
543 113 5
543 114 5
543 187 5
543 207 5
543 223 5
543 235 5
543 250 5
543 270 6
543 288 5
543 300 5
543 310 5
544 19 5
544 76 6
544 113 5
544 114 5
544 187 5
544 207 5
544 223 5
544 235 5
544 250 5
544 270 6
544 288 5
544 300 5
544 310 5
545 5 5
545 25 5
545 66 5
545 76 6
545 146 6
545 181 5
545 300 5
545 318 5
545 333 5
545 351 5
546 0 5
546 26 5
546 63 5
546 69 5
546 78 5
546 99 5
546 114 5
546 132 5
546 146 6
546 156 5
546 164 5
546 166 5
546 240 5
546 259 5
546 260 6
546 261 6
546 332 5
546 345 5
546 347 5
547 45 5
547 50 5
547 69 5
547 79 6
547 93 5
547 96 5
547 105 5
547 113 5
547 176 5
547 197 5
547 232 5
547 259 5
547 287 5
547 293 5
547 294 6
547 310 5
547 328 5
547 332 5
547 352 5
547 357 5
548 223 5
548 250 5
548 256 5
548 282 5
548 304 5
548 348 6
549 93 5
549 150 6
549 164 5
549 172 6
549 211 5
549 224 5
549 250 5
549 299 6
549 332 5
549 334 5
550 38 5
550 45 5
550 61 5
550 69 5
550 102 5
550 216 6
551 297 5
552 150 6
552 297 5
553 121 6
553 250 5
554 21 5
554 38 5
554 47 5
554 62 5
554 96 5
554 103 5
554 105 5
554 125 5
554 148 5
554 172 6
554 176 5
554 197 5
554 298 6
554 301 5
554 334 5
554 356 5
554 357 5
555 17 6
555 25 5
555 26 5
555 33 5
555 61 5
555 62 5
555 69 5
555 102 5
555 105 5
555 148 5
555 150 6
555 189 5
555 229 6
555 263 5
555 294 6
555 295 6
556 2 5
556 23 5
556 25 5
556 28 5
556 37 5
556 45 5
556 63 5
556 66 5
556 68 5
556 87 5
556 105 5
556 148 5
556 150 6
556 181 5
556 184 6
556 211 5
556 235 5
556 251 5
556 259 5
556 300 5
556 301 5
556 307 5
556 330 5
556 335 5
557 35 5
557 64 5
557 69 5
557 118 6
557 148 5
557 150 6
557 276 5
557 332 5
557 339 5
558 5 5
558 7 5
558 21 5
558 25 5
558 33 5
558 35 5
558 46 5
558 63 5
558 74 5
558 89 6
558 93 5
558 105 5
558 114 5
558 124 5
558 126 5
558 146 6
558 151 6
558 171 5
558 190 5
558 217 5
558 219 6
558 254 5
558 259 5
558 266 5
558 292 5
558 297 5
558 300 5
558 328 5
558 346 5
558 351 5
558 357 5
559 37 5
560 148 5
560 187 5
560 229 6
560 250 5
560 277 5
560 332 5
560 340 6
561 33 5
561 35 5
561 43 6
561 46 5
561 105 5
561 114 5
561 138 6
561 139 6
561 203 6
561 204 6
561 229 6
561 254 5
561 274 6
561 290 6
561 294 6
561 295 6
561 297 5
562 25 5
562 340 6
563 21 5
563 32 5
563 33 5
563 38 5
563 45 5
563 63 5
563 65 5
563 93 5
563 106 5
563 145 5
563 155 5
563 165 5
563 191 5
563 194 6
563 198 5
563 212 5
563 223 5
563 229 6
563 240 5
563 251 5
563 256 5
563 277 5
563 287 5
563 310 5
563 317 6
563 337 5
563 340 6
563 350 6
564 0 5
564 5 5
564 33 5
564 37 5
564 65 5
564 69 5
564 76 6
564 85 6
564 93 5
564 96 5
564 99 5
564 124 5
564 132 5
564 172 6
564 174 5
564 181 5
564 189 5
564 197 5
564 212 5
564 266 5
564 276 5
564 296 5
564 297 5
564 311 5
564 325 5
564 332 5
564 335 5
564 337 5
564 340 6
564 343 6
564 351 5
565 0 5
565 33 5
565 37 5
565 72 5
565 74 5
565 85 6
565 86 5
565 93 5
565 106 5
565 171 5
565 174 5
565 189 5
565 197 5
565 217 5
565 311 5
565 316 6
565 332 5
565 337 5
565 350 6
565 351 5
566 12 6
566 93 5
566 150 6
566 299 6
566 334 5
567 28 5
567 43 6
567 69 5
567 100 5
567 102 5
567 156 5
567 172 6
567 223 5
567 258 6
567 337 5
568 26 5
568 38 5
568 58 5
568 63 5
568 64 5
568 117 5
568 133 5
568 150 6
568 161 5
568 163 5
568 251 5
568 297 5
568 300 5
568 334 5
568 343 6
568 345 5
569 296 5
569 297 5
569 301 5
569 330 5
570 17 6
570 105 5
570 156 5
570 169 6
570 184 6
570 197 5
570 242 5
570 281 5
570 297 5
570 303 6
570 310 5
570 330 5
570 331 5
570 332 5
570 333 5
570 340 6
571 0 5
571 19 5
571 25 5
571 33 5
571 35 5
571 45 5
571 47 5
571 78 5
571 111 5
571 113 5
571 132 5
571 135 5
571 153 5
571 163 5
571 164 5
571 197 5
571 207 5
571 233 5
571 240 5
571 262 6
571 299 6
571 300 5
571 312 6
571 334 5
571 351 5
572 6 5
572 14 5
572 21 5
572 42 6
572 43 6
572 62 5
572 69 5
572 71 5
572 93 5
572 101 5
572 150 6
572 156 5
572 181 5
572 243 5
572 250 5
572 256 5
572 289 5
572 299 6
572 301 5
572 310 5
572 330 5
572 332 5
572 340 6
572 351 5
572 352 5
573 150 6
573 153 5
573 161 5
573 337 5
574 2 5
574 21 5
574 23 5
574 57 5
574 76 6
574 77 6
574 89 6
574 90 6
574 150 6
574 169 6
574 189 5
574 219 6
574 220 6
574 274 6
574 277 5
574 282 5
574 303 6
574 311 5
574 315 6
574 332 5
574 340 6
575 70 6
575 73 5
576 0 5
576 5 5
576 28 5
576 102 5
576 150 6
576 223 5
576 310 5
576 357 5
577 0 5
577 116 5
577 137 5
577 156 5
577 168 5
577 220 6
577 224 5
577 233 5
577 296 5
577 331 5
578 50 5
579 33 5
579 38 5
579 74 5
579 85 6
579 96 5
579 112 6
579 274 6
579 286 5
580 0 5
580 5 5
580 21 5
580 38 5
580 48 5
580 52 6
580 69 5
580 85 6
580 87 5
580 96 5
580 97 6
580 102 5
580 124 5
580 125 5
580 136 5
580 145 5
580 161 5
580 172 6
580 184 6
580 197 5
580 210 5
580 219 6
580 220 6
580 223 5
580 229 6
580 240 5
580 243 5
580 248 5
580 249 5
580 251 5
580 264 6
580 275 6
580 277 5
580 289 5
580 303 6
580 331 5
580 332 5
580 335 5
580 340 6
580 360 6
581 2 5
581 6 5
581 12 6
581 15 5
581 19 5
581 28 5
581 30 5
581 35 5
581 42 6
581 43 6
581 66 5
581 73 5
581 76 6
581 77 6
581 83 6
581 89 6
581 102 5
581 103 5
581 108 5
581 110 5
581 123 5
581 136 5
581 143 6
581 175 5
581 199 6
581 208 6
581 219 6
581 220 6
581 223 5
581 226 6
581 234 6
581 235 5
581 256 5
581 265 5
581 274 6
581 278 6
581 282 5
581 294 6
581 296 5
581 297 5
581 306 6
581 308 6
581 313 6
581 316 6
581 325 5
581 329 6
581 330 5
581 338 6
581 340 6
581 343 6
581 357 5
582 2 5
582 6 5
582 15 5
582 19 5
582 28 5
582 30 5
582 35 5
582 42 6
582 66 5
582 73 5
582 79 6
582 102 5
582 103 5
582 108 5
582 110 5
582 123 5
582 136 5
582 175 5
582 203 6
582 208 6
582 220 6
582 223 5
582 235 5
582 256 5
582 265 5
582 282 5
582 296 5
582 297 5
582 325 5
582 330 5
582 343 6
582 357 5
583 0 5
583 5 5
583 9 6
583 13 6
583 18 6
583 33 5
583 37 5
583 65 5
583 69 5
583 76 6
583 85 6
583 93 5
583 96 5
583 99 5
583 124 5
583 132 5
583 172 6
583 174 5
583 177 6
583 181 5
583 189 5
583 197 5
583 199 6
583 212 5
583 219 6
583 220 6
583 266 5
583 276 5
583 296 5
583 297 5
583 311 5
583 325 5
583 332 5
583 335 5
583 337 5
583 343 6
583 351 5
584 0 5
584 15 5
584 33 5
584 56 6
584 57 5
584 63 5
584 65 5
584 79 6
584 85 6
584 91 6
584 96 5
584 103 5
584 107 5
584 111 5
584 123 5
584 137 5
584 139 6
584 140 6
584 146 6
584 150 6
584 159 6
584 183 6
584 188 6
584 214 5
584 220 6
584 254 5
584 256 5
584 274 6
584 284 5
584 287 5
584 289 5
584 295 6
584 297 5
584 303 6
584 313 6
584 316 6
584 335 5
584 343 6
585 12 6
585 89 6
585 136 5
585 151 6
585 170 5
586 29 6
586 79 6
586 136 5
586 170 5
586 274 6
9 13 3
9 29 3
9 219 3
11 229 3
11 274 3
12 56 3
12 84 3
12 177 3
12 219 3
12 229 3
12 274 3
12 275 3
12 327 3
13 9 3
13 29 3
13 89 3
13 146 3
13 177 3
14 72 0
17 70 3
17 340 3
18 70 3
18 290 3
24 219 3
24 229 3
24 316 3
24 358 3
29 70 3
29 79 3
29 84 3
29 89 3
29 146 3
29 219 3
29 290 3
29 315 3
29 316 3
29 341 3
40 262 3
41 183 3
41 306 3
42 219 3
42 308 3
42 316 3
43 70 3
43 158 3
43 358 3
44 70 3
44 260 3
44 262 3
52 12 3
52 177 3
52 208 3
52 228 3
52 298 3
52 305 3
53 29 3
53 52 3
53 84 3
53 97 3
53 152 3
53 261 3
53 269 3
53 340 3
54 24 3
54 29 3
54 219 3
54 226 3
54 228 3
54 246 3
56 12 3
56 177 3
56 219 3
56 270 3
70 290 3
75 89 3
75 138 3
75 200 3
75 270 3
75 340 3
76 12 3
76 27 3
76 29 3
76 53 3
76 59 3
76 70 3
76 75 3
76 120 3
76 147 3
76 173 3
76 216 3
76 219 3
76 220 3
76 262 3
76 270 3
76 340 3
76 342 3
77 59 3
79 12 3
79 84 3
79 146 3
79 216 3
79 229 3
79 262 3
79 326 3
79 340 3
79 342 3
82 340 1
83 97 3
83 314 3
84 29 3
84 53 3
84 75 3
84 97 3
84 219 3
84 229 3
84 238 3
84 274 3
84 342 3
84 360 3
89 9 3
89 12 3
89 29 3
89 56 3
89 76 3
89 177 3
89 219 3
89 269 3
89 279 3
89 306 3
89 340 3
90 177 3
91 79 3
91 88 3
91 109 3
91 216 3
91 329 3
91 340 3
92 79 3
92 88 3
92 109 3
92 219 3
92 340 3
93 12 1
94 91 3
97 29 3
97 138 3
97 219 3
97 340 3
108 229 1
108 274 1
109 84 3
109 88 3
109 120 3
109 127 3
109 138 3
112 70 3
112 219 3
112 229 3
112 295 3
112 308 3
112 340 3
114 97 1
115 246 3
115 327 3
118 208 3
120 12 3
120 219 3
121 12 3
121 79 3
121 182 3
122 12 3
122 24 3
122 120 3
122 290 3
127 109 3
127 278 3
127 308 3
127 323 3
128 41 3
128 88 3
128 89 3
128 229 3
128 274 3
128 317 3
128 327 3
129 142 3
134 80 3
134 177 3
134 295 3
134 305 3
138 12 3
138 75 3
138 76 3
138 79 3
138 89 3
138 183 3
138 229 3
138 260 3
138 306 3
138 316 3
138 340 3
139 75 3
139 183 3
139 219 3
139 220 3
139 306 3
139 341 3
140 177 3
140 219 3
141 18 3
141 140 3
141 177 3
141 183 3
141 203 3
141 279 3
141 295 3
142 89 3
142 203 3
142 229 3
142 274 3
142 319 3
142 340 3
143 76 3
144 129 3
144 130 3
144 264 3
145 76 1
145 86 0
145 219 1
145 290 1
145 316 1
145 351 0
146 11 3
146 12 3
146 13 3
146 77 3
146 261 3
146 316 3
146 354 3
147 29 3
147 306 3
147 340 3
150 149 3
150 219 3
150 261 3
150 327 3
151 220 3
151 298 3
151 340 3
152 220 3
152 229 3
152 274 3
158 177 3
158 229 3
158 274 3
159 146 3
161 29 1
161 303 1
172 76 3
172 216 3
172 340 3
174 33 0
177 12 3
177 29 3
177 70 3
177 91 3
177 92 3
177 97 3
177 144 3
177 216 3
177 219 3
177 230 3
177 261 3
177 269 3
177 279 3
177 308 3
177 340 3
177 342 3
178 24 3
178 216 3
180 226 3
181 288 0
182 262 3
183 41 3
183 226 3
183 269 3
183 340 3
184 121 3
184 146 3
188 12 3
188 56 3
188 89 3
188 208 3
188 219 3
188 326 3
199 219 3
200 226 3
200 260 3
202 89 3
203 177 3
204 177 3
204 202 3
205 12 3
206 29 3
206 128 3
206 178 3
208 146 3
209 314 3
213 72 0
213 212 0
215 29 3
215 89 3
215 138 3
215 219 3
215 298 3
216 128 3
216 219 3
218 49 0
218 219 1
218 306 1
219 27 3
219 53 3
219 84 3
219 120 3
219 127 3
219 129 3
219 139 3
219 338 3
219 340 3
219 342 3
220 27 3
220 139 3
220 147 3
220 340 3
226 41 3
226 129 3
226 130 3
226 182 3
226 260 3
227 12 3
227 89 3
227 262 3
228 219 3
228 340 3
229 12 3
229 54 3
229 76 3
229 79 3
229 122 3
229 128 3
229 138 3
229 143 3
229 146 3
229 152 3
229 180 3
229 219 3
229 227 3
229 264 3
229 298 3
229 317 3
229 340 3
229 360 3
230 146 3
231 70 3
234 56 3
234 129 3
234 204 3
238 229 3
238 274 3
239 76 1
239 212 0
239 288 0
245 188 3
245 220 3
245 270 3
245 340 3
245 358 3
246 264 3
247 226 3
253 188 3
258 12 3
258 41 3
258 127 3
259 208 1
260 41 3
260 130 3
260 226 3
261 313 3
262 183 3
262 219 3
262 237 3
262 258 3
262 340 3
269 91 3
269 150 3
270 29 3
270 70 3
270 76 3
270 77 3
270 219 3
270 262 3
270 306 3
272 229 3
274 12 3
274 76 3
274 79 3
274 122 3
274 128 3
274 138 3
274 143 3
274 146 3
274 180 3
274 219 3
274 227 3
274 261 3
274 264 3
274 290 3
274 298 3
274 315 3
274 316 3
274 317 3
274 340 3
274 360 3
275 12 3
275 315 3
278 177 3
278 183 3
278 228 3
278 229 3
278 274 3
278 308 3
279 12 3
279 89 3
280 149 3
280 150 3
290 56 3
290 97 3
290 122 3
290 146 3
290 158 3
290 219 3
290 246 3
290 262 3
290 340 3
290 342 3
292 297 0
294 9 3
294 115 3
294 177 3
294 219 3
295 9 3
295 134 3
295 177 3
295 219 3
297 207 0
297 219 1
299 260 3
302 208 3
303 246 3
305 12 3
305 143 3
305 183 3
305 208 3
306 9 3
306 11 3
306 12 3
306 29 3
306 52 3
306 75 3
306 76 3
306 79 3
306 89 3
306 120 3
306 128 3
306 141 3
306 147 3
306 150 3
306 185 3
306 215 3
306 219 3
306 220 3
306 228 3
306 230 3
306 246 3
306 269 3
306 290 3
306 305 3
306 312 3
306 360 3
308 24 3
308 109 3
308 127 3
308 316 3
312 12 3
312 262 3
313 150 3
313 262 3
314 52 3
315 238 3
315 261 3
315 316 3
315 340 3
316 12 3
316 24 3
316 70 3
316 75 3
316 90 3
316 146 3
316 219 3
316 226 3
316 258 3
316 261 3
316 315 3
316 340 3
316 341 3
317 219 3
318 23 0
318 24 1
318 33 0
318 89 1
318 155 0
318 306 1
319 315 3
320 152 3
323 88 3
323 216 3
323 220 3
323 229 3
324 128 1
324 360 1
326 177 3
326 183 3
326 208 3
326 219 3
327 56 3
327 128 3
327 316 3
329 91 3
338 219 3
340 29 3
340 56 3
340 75 3
340 76 3
340 77 3
340 79 3
340 89 3
340 97 3
340 120 3
340 122 3
340 150 3
340 158 3
340 182 3
340 219 3
340 229 3
340 245 3
340 270 3
340 274 3
340 294 3
340 315 3
340 316 3
340 327 3
340 342 3
341 29 3
341 183 3
341 261 3
341 326 3
342 76 3
343 27 3
343 89 3
343 216 3
343 228 3
343 279 3
343 359 3
348 11 3
348 115 3
348 229 3
348 258 3
348 274 3
350 227 3
354 12 3
354 146 3
354 326 3
354 340 3
358 70 3
358 89 3
359 12 3
359 76 3
359 220 3
360 29 3
360 53 3
360 54 3
360 138 3
360 139 3
360 140 3
360 146 3
360 219 3
360 228 3
360 329 3
360 340 3
360 342 3
361 188 3
361 305 3
362 219 3
363 260 3
0 236 1
0 237 1
0 280 1
0 284 0
0 312 1
0 313 1
1 2 0
1 49 0
1 222 0
1 223 0
1 224 0
1 322 0
3 241 0
5 286 0
9 89 3
10 46 0
11 84 3
11 340 3
12 29 3
12 53 3
12 89 3
12 97 3
12 121 3
12 138 3
12 227 3
12 294 3
12 316 3
12 340 3
13 53 3
13 84 3
13 85 3
13 354 3
14 52 1
14 161 0
14 259 0
17 18 3
17 43 3
17 112 3
17 113 2
17 138 3
17 177 3
17 178 3
17 294 3
18 52 3
18 53 3
18 84 3
18 177 3
18 358 3
19 289 0
22 158 1
22 311 0
23 57 0
23 58 0
23 156 0
23 316 1
23 340 1
23 342 1
24 138 3
24 141 3
24 210 2
24 227 3
24 245 3
24 324 2
24 340 3
25 52 1
25 202 1
25 233 0
25 242 0
27 29 3
27 97 3
27 139 3
27 320 3
27 340 3
27 360 3
27 361 3
28 123 0
29 53 3
29 97 3
29 138 3
29 139 3
29 258 3
29 340 3
30 90 1
31 56 1
31 89 1
31 90 1
31 132 0
31 176 0
31 284 0
31 337 0
32 168 0
32 177 1
32 229 1
32 274 1
32 288 0
32 349 0
33 270 1
34 176 0
35 345 0
36 49 0
36 60 0
36 111 0
36 137 0
36 176 0
36 207 0
36 211 0
36 212 0
36 226 1
36 241 0
36 309 0
36 337 0
36 343 1
36 349 0
38 56 1
39 56 1
41 260 3
42 43 3
42 70 3
42 76 3
42 84 3
42 121 3
42 138 3
42 184 3
42 262 3
42 269 3
42 278 3
42 340 3
43 44 3
43 52 3
43 84 3
43 89 3
43 121 3
43 138 3
43 177 3
43 184 3
43 216 3
43 219 3
43 229 3
43 262 3
43 274 3
43 278 3
43 279 3
43 294 3
43 295 3
43 316 3
44 184 3
47 53 1
47 84 1
47 122 1
47 146 1
47 329 1
48 212 0
49 102 0
49 111 0
49 175 0
49 176 0
49 257 0
49 279 1
49 307 0
50 102 0
50 111 0
50 176 0
50 257 0
50 307 0
52 53 3
52 56 3
52 79 3
52 84 3
52 113 2
52 121 3
52 178 3
52 202 3
52 274 3
52 316 3
52 340 3
53 56 3
53 80 3
53 81 3
53 85 3
53 89 3
53 112 3
53 121 3
53 122 3
53 138 3
53 139 3
53 146 3
53 150 3
53 173 3
53 177 3
53 188 3
53 216 3
53 219 3
53 225 3
53 227 3
53 229 3
53 262 3
53 272 3
53 274 3
53 278 3
53 280 3
53 294 3
53 295 3
53 306 3
53 315 3
53 316 3
53 318 2
53 319 3
53 326 3
53 327 3
53 360 3
54 84 3
54 97 3
54 260 3
54 320 3
54 360 3
55 111 0
56 72 2
56 84 3
56 89 3
56 97 3
56 108 2
56 120 3
56 121 3
56 122 3
56 138 3
56 146 3
56 150 3
56 183 3
56 188 3
56 204 3
56 206 3
56 207 2
56 226 3
56 229 3
56 235 2
56 253 3
56 260 3
56 262 3
56 272 3
56 274 3
56 290 3
56 294 3
56 295 3
56 297 2
56 298 3
56 303 3
56 305 3
56 326 3
56 327 3
56 328 2
56 340 3
60 61 0
60 207 0
63 243 0
63 311 0
63 345 0
70 112 3
70 358 3
72 73 0
72 356 0
75 76 3
75 97 3
75 139 3
75 202 3
75 290 3
75 298 3
75 316 3
75 320 3
75 345 2
76 77 3
76 84 3
76 97 3
76 122 3
76 138 3
76 229 3
76 290 3
76 306 3
77 270 3
78 212 0
79 80 3
79 112 3
79 113 2
79 177 3
79 178 3
79 314 3
80 81 3
80 84 3
80 112 3
80 113 2
80 302 3
81 84 3
81 112 3
81 113 2
84 85 3
84 89 3
84 91 3
84 112 3
84 120 3
84 121 3
84 122 3
84 127 3
84 128 3
84 129 3
84 138 3
84 139 3
84 140 3
84 142 3
84 146 3
84 150 3
84 172 3
84 173 3
84 177 3
84 178 3
84 183 3
84 184 3
84 188 3
84 203 3
84 216 3
84 225 3
84 227 3
84 231 3
84 235 2
84 239 2
84 258 3
84 262 3
84 272 3
84 273 3
84 278 3
84 280 3
84 290 3
84 294 3
84 295 3
84 305 3
84 306 3
84 308 3
84 312 3
84 315 3
84 316 3
84 318 2
84 319 3
84 327 3
84 340 3
84 348 3
85 146 3
85 219 3
85 260 3
85 354 3
86 289 0
89 90 3
89 97 3
89 111 2
89 121 3
89 128 3
89 138 3
89 139 3
89 146 3
89 206 3
89 215 3
89 227 3
89 229 3
89 274 3
89 289 2
89 315 3
89 316 3
90 227 3
90 306 3
91 92 3
91 121 3
91 128 3
91 230 3
91 245 3
91 278 3
91 314 3
92 160 2
97 139 3
97 140 3
97 220 3
97 274 3
97 290 3
97 298 3
97 316 3
97 320 3
97 360 3
98 333 0
99 100 0
99 288 0
99 333 0
100 111 0
102 111 0
102 193 0
102 332 0
103 121 1
103 122 1
103 225 1
104 148 0
105 207 0
105 249 0
107 272 1
107 315 1
107 316 1
107 317 1
107 318 0
107 319 1
108 188 1
109 278 3
109 323 3
111 168 0
111 175 0
111 176 0
111 191 0
111 193 0
111 257 0
111 286 0
111 307 0
111 309 0
111 316 1
111 331 0
111 334 0
111 337 0
111 349 0
111 354 1
112 113 2
112 114 2
112 177 3
112 178 3
112 194 3
112 208 3
112 239 2
112 274 3
112 279 3
112 294 3
112 306 3
112 314 3
112 316 3
112 360 3
113 114 0
113 138 1
113 139 1
113 177 1
113 178 1
113 239 0
113 290 1
114 177 1
114 178 1
118 260 3
120 218 2
120 294 3
121 122 3
121 150 3
121 290 3
121 294 3
121 312 3
121 316 3
122 146 3
122 160 2
122 278 3
122 294 3
122 295 3
122 316 3
122 340 3
124 211 0
125 135 0
125 202 1
126 340 1
127 216 3
128 138 3
128 278 3
128 319 3
128 323 3
128 324 2
129 204 3
129 234 3
129 305 3
129 311 2
129 314 3
131 315 1
132 133 0
132 198 0
137 211 0
137 212 0
138 139 3
138 140 3
138 142 3
138 146 3
138 172 3
138 177 3
138 188 3
138 200 3
138 202 3
138 215 3
138 219 3
138 220 3
138 225 3
138 227 3
138 270 3
138 272 3
138 274 3
138 275 3
138 278 3
138 290 3
138 294 3
138 295 3
138 298 3
138 303 3
138 315 3
138 320 3
138 327 3
138 360 3
138 361 3
138 362 3
139 140 3
139 172 3
139 200 3
139 202 3
139 215 3
139 227 3
139 270 3
139 272 3
139 274 3
139 275 3
139 278 3
139 298 3
139 302 3
139 316 3
139 320 3
139 340 3
139 360 3
140 141 3
140 227 3
140 262 3
141 146 3
141 204 3
141 227 3
141 290 3
141 294 3
141 360 3
141 361 3
142 227 3
143 144 3
143 272 3
144 235 2
144 272 3
146 177 3
146 219 3
146 235 2
146 274 3
146 278 3
146 290 3
146 294 3
146 306 3
146 340 3
146 358 3
147 177 3
148 312 1
148 313 1
149 150 3
150 188 3
150 294 3
150 295 3
151 152 3
152 205 3
152 247 3
160 225 1
160 326 1
160 334 0
161 326 1
165 168 0
165 189 0
167 168 0
167 171 0
167 221 0
167 337 0
168 177 1
168 189 0
168 221 0
168 229 1
168 274 1
168 315 1
168 316 1
168 319 1
168 337 0
168 349 0
171 221 0
171 233 0
171 337 0
172 177 3
172 221 2
172 308 3
172 315 3
172 316 3
173 177 3
173 221 2
173 315 3
174 315 1
174 316 1
174 317 1
174 318 0
174 319 1
175 176 0
176 309 0
176 334 0
176 335 0
176 349 0
177 178 3
177 194 3
177 208 3
177 229 3
177 274 3
177 290 3
177 294 3
177 295 3
177 306 3
177 315 3
177 316 3
178 206 3
182 229 3
182 274 3
183 219 3
183 260 3
183 303 3
184 262 3
184 269 3
187 201 0
188 278 3
188 294 3
188 295 3
189 316 1
192 262 1
193 330 0
193 334 0
195 311 0
198 203 1
198 204 1
198 239 0
199 220 3
200 215 3
202 227 3
202 303 3
202 359 3
203 204 3
203 225 3
203 234 3
204 225 3
204 234 3
205 247 3
206 294 3
207 289 0
207 316 1
208 246 3
208 302 3
208 308 3
211 212 0
212 316 1
212 334 0
215 340 3
216 278 3
216 308 3
216 323 3
219 220 3
219 226 3
219 229 3
219 260 3
219 294 3
219 295 3
219 303 3
219 306 3
219 316 3
219 329 3
219 360 3
221 229 1
221 336 0
221 337 0
222 223 0
222 224 0
222 278 1
222 322 0
223 224 0
224 322 0
225 294 3
225 326 3
226 303 3
226 316 3
227 237 3
227 238 3
227 261 3
227 269 3
227 272 3
227 280 3
227 290 3
227 292 2
227 294 3
227 360 3
227 361 3
229 230 3
229 235 2
229 262 3
229 263 2
229 273 3
229 274 3
229 290 3
229 306 3
229 315 3
229 316 3
229 337 2
230 273 3
230 274 3
231 306 3
232 233 0
233 242 0
234 314 3
235 257 0
235 272 1
235 294 1
236 237 3
236 280 3
237 280 3
237 312 3
238 280 3
239 280 1
240 287 0
240 352 0
241 344 0
243 311 0
243 345 0
245 278 3
246 303 3
249 289 0
249 316 1
250 251 0
252 340 1
252 341 1
255 288 0
258 303 3
259 302 1
260 294 3
260 316 3
260 360 3
261 280 3
261 290 3
262 274 3
262 280 3
262 290 3
262 294 3
262 306 3
262 312 3
262 313 3
263 274 1
267 268 0
269 278 3
269 280 3
269 308 3
269 361 3
270 279 3
270 340 3
273 274 3
274 294 3
274 306 3
274 311 2
274 337 2
278 323 3
278 324 2
279 294 3
279 305 3
279 309 2
279 315 3
282 340 1
283 340 1
284 334 0
284 335 0
284 337 0
286 334 0
286 335 0
289 332 0
290 320 3
290 360 3
292 294 1
292 295 1
294 295 3
294 296 2
294 298 3
294 303 3
294 306 3
294 316 3
294 330 2
294 332 2
294 340 3
294 359 3
295 296 2
295 298 3
295 306 3
295 327 3
295 332 2
296 297 0
297 315 1
297 332 0
298 320 3
298 340 3
298 343 3
299 305 3
299 340 3
299 343 3
300 321 0
303 316 3
303 325 2
303 341 3
306 316 3
306 340 3
306 348 3
307 309 0
307 349 0
308 323 3
311 340 1
311 345 0
312 313 3
313 340 3
315 317 3
315 318 2
316 317 3
316 318 2
317 319 3
318 319 1
320 360 3
323 326 3
327 328 2
328 340 1
329 340 3
330 332 0
336 337 0
340 341 3
340 343 3
340 359 3
340 360 3
341 342 3
424 425 7
425 424 7
439 460 7
460 439 7
482 483 7
446 447 7
447 446 7
446 538 7
538 446 7
447 538 7
538 447 7
493 495 7
495 493 7
436 439 7
439 436 7
405 448 7
448 405 7
445 581 7
581 445 7
445 454 7
454 445 7
420 422 7
422 420 7
423 432 7
432 423 7
432 444 7
444 432 7
444 454 7
454 444 7
454 581 7
581 454 7
423 444 7
444 423 7
444 445 7
445 444 7
432 454 7
454 432 7
444 581 7
581 444 7
432 445 7
445 432 7
423 454 7
454 423 7
432 581 7
581 432 7
423 445 7
445 423 7
423 581 7
581 423 7
549 573 7
573 549 7
516 532 7
532 516 7
516 533 7
533 516 7
523 524 7
524 523 7
523 525 7
525 523 7
397 530 7
530 397 7
381 555 7
555 381 7
382 576 7
576 382 7
480 534 7
534 480 7
397 573 7
573 397 7
484 523 7
523 484 7
532 533 7
533 532 7
397 549 7
549 397 7
501 576 7
576 501 7
524 525 7
525 524 7
418 557 7
557 418 7
540 541 7
541 540 7
484 524 7
524 484 7
530 573 7
573 530 7
530 549 7
549 530 7
382 501 7
501 382 7
528 534 7
534 528 7
529 566 7
566 529 7
526 557 7
557 526 7
484 525 7
525 484 7
480 528 7
528 480 7
556 568 7
568 556 7
382 480 7
480 382 7
530 552 7
552 530 7
381 568 7
568 381 7
382 534 7
534 382 7
566 572 7
572 566 7
397 552 7
552 397 7
480 576 7
576 480 7
418 526 7
526 418 7
555 568 7
568 555 7
501 555 7
555 501 7
534 576 7
576 534 7
400 541 7
541 400 7
552 573 7
573 552 7
552 572 7
572 552 7
381 501 7
501 381 7
549 552 7
552 549 7
480 501 7
501 480 7
526 532 7
532 526 7
501 534 7
534 501 7
382 528 7
528 382 7
516 526 7
526 516 7
555 576 7
576 555 7
529 572 7
572 529 7
400 540 7
540 400 7
381 556 7
556 381 7
526 533 7
533 526 7
528 576 7
576 528 7
381 576 7
576 381 7
382 555 7
555 382 7
555 556 7
556 555 7
381 382 7
382 381 7
484 529 7
529 484 7
532 557 7
557 532 7
501 528 7
528 501 7
530 572 7
572 530 7
501 568 7
568 501 7
516 557 7
557 516 7
397 572 7
572 397 7
552 566 7
566 552 7
523 529 7
529 523 7
533 557 7
557 533 7
524 529 7
529 524 7
418 532 7
532 418 7
572 573 7
573 572 7
418 516 7
516 418 7
549 572 7
572 549 7
480 555 7
555 480 7
484 566 7
566 484 7
568 576 7
576 568 7
418 533 7
533 418 7
525 529 7
529 525 7
381 480 7
480 381 7
534 555 7
555 534 7
382 568 7
568 382 7
529 552 7
552 529 7
523 566 7
566 523 7
501 556 7
556 501 7
381 534 7
534 381 7
524 566 7
566 524 7
530 566 7
566 530 7
397 566 7
566 397 7
528 555 7
555 528 7
525 566 7
566 525 7
556 576 7
576 556 7
566 573 7
573 566 7
381 528 7
528 381 7
549 566 7
566 549 7
382 556 7
556 382 7
484 572 7
572 484 7
480 568 7
568 480 7
529 530 7
530 529 7
534 568 7
568 534 7
397 529 7
529 397 7
523 572 7
572 523 7
524 572 7
572 524 7
529 573 7
573 529 7
529 549 7
549 529 7
525 572 7
572 525 7
528 568 7
568 528 7
480 556 7
556 480 7
534 556 7
556 534 7
484 552 7
552 484 7
523 552 7
552 523 7
528 556 7
556 528 7
524 552 7
552 524 7
525 552 7
552 525 7
484 530 7
530 484 7
397 484 7
484 397 7
523 530 7
530 523 7
524 530 7
530 524 7
484 573 7
573 484 7
397 523 7
523 397 7
484 549 7
549 484 7
397 524 7
524 397 7
523 573 7
573 523 7
525 530 7
530 525 7
523 549 7
549 523 7
524 573 7
573 524 7
524 549 7
549 524 7
397 525 7
525 397 7
525 573 7
573 525 7
525 549 7
549 525 7
440 558 7
558 440 7
394 458 7
458 394 7
426 427 7
427 426 7
470 476 7
476 470 7
472 476 7
476 472 7
368 586 7
586 368 7
518 519 7
519 518 7
470 472 7
472 470 7
368 386 7
386 368 7
386 586 7
586 386 7
519 520 7
520 519 7
518 520 7
520 518 7
366 585 7
585 366 7
393 486 7
486 393 7
364 365 7
365 364 7
421 422 7
422 421 7
435 537 7
537 435 7
488 489 7
489 488 7
490 515 7
515 490 7
487 489 7
489 487 7
487 490 7
490 487 7
487 488 7
488 487 7
487 515 7
515 487 7
489 490 7
490 489 7
488 490 7
490 488 7
489 515 7
515 489 7
488 515 7
515 488 7
543 544 7
544 543 7
407 409 7
409 407 7
473 583 7
583 473 7
429 584 7
584 429 7
377 583 7
583 377 7
377 473 7
473 377 7
481 482 7
471 477 7
477 471 7
364 369 7
369 364 7
472 477 7
477 472 7
471 472 7
472 471 7
367 369 7
369 367 7
364 367 7
367 364 7
445 455 7
455 445 7
514 581 7
581 514 7
376 433 7
433 376 7
433 455 7
455 433 7
455 581 7
581 455 7
536 561 7
561 536 7
445 514 7
514 445 7
433 445 7
445 433 7
376 455 7
455 376 7
455 514 7
514 455 7
433 581 7
581 433 7
376 445 7
445 376 7
376 581 7
581 376 7
433 514 7
514 433 7
376 514 7
514 376 7
466 467 7
467 466 7
469 545 7
545 469 7
513 560 7
560 513 7
443 459 7
459 443 7
364 373 7
373 364 7
418 549 7
549 418 7
418 573 7
573 418 7
397 418 7
418 397 7
549 557 7
557 549 7
557 573 7
573 557 7
418 530 7
530 418 7
523 556 7
556 523 7
397 557 7
557 397 7
525 556 7
556 525 7
530 557 7
557 530 7
526 549 7
549 526 7
524 556 7
556 524 7
526 573 7
573 526 7
418 552 7
552 418 7
397 526 7
526 397 7
523 568 7
568 523 7
484 556 7
556 484 7
525 568 7
568 525 7
526 530 7
530 526 7
552 557 7
557 552 7
524 568 7
568 524 7
381 523 7
523 381 7
484 568 7
568 484 7
526 552 7
552 526 7
381 525 7
525 381 7
523 555 7
555 523 7
532 549 7
549 532 7
525 555 7
555 525 7
532 573 7
573 532 7
516 549 7
549 516 7
418 572 7
572 418 7
516 573 7
573 516 7
381 524 7
524 381 7
533 549 7
549 533 7
397 532 7
532 397 7
533 573 7
573 533 7
524 555 7
555 524 7
397 516 7
516 397 7
530 532 7
532 530 7
557 572 7
572 557 7
397 533 7
533 397 7
516 530 7
530 516 7
381 484 7
484 381 7
530 533 7
533 530 7
484 555 7
555 484 7
540 554 7
554 540 7
529 556 7
556 529 7
501 523 7
523 501 7
418 566 7
566 418 7
526 572 7
572 526 7
501 525 7
525 501 7
541 554 7
554 541 7
532 552 7
552 532 7
516 552 7
552 516 7
557 566 7
566 557 7
523 576 7
576 523 7
501 524 7
524 501 7
533 552 7
552 533 7
556 566 7
566 556 7
525 576 7
576 525 7
382 523 7
523 382 7
418 529 7
529 418 7
529 568 7
568 529 7
382 525 7
525 382 7
484 501 7
501 484 7
524 576 7
576 524 7
529 557 7
557 529 7
526 566 7
566 526 7
382 524 7
524 382 7
484 576 7
576 484 7
566 568 7
568 566 7
480 523 7
523 480 7
400 554 7
554 400 7
532 572 7
572 532 7
382 484 7
484 382 7
556 572 7
572 556 7
381 529 7
529 381 7
480 525 7
525 480 7
523 534 7
534 523 7
516 572 7
572 516 7
526 529 7
529 526 7
529 555 7
555 529 7
533 572 7
572 533 7
525 534 7
534 525 7
480 524 7
524 480 7
524 534 7
534 524 7
381 566 7
566 381 7
523 528 7
528 523 7
568 572 7
572 568 7
480 484 7
484 480 7
525 528 7
528 525 7
555 566 7
566 555 7
532 566 7
566 532 7
484 534 7
534 484 7
516 566 7
566 516 7
524 528 7
528 524 7
418 484 7
484 418 7
533 566 7
566 533 7
552 556 7
556 552 7
501 529 7
529 501 7
418 523 7
523 418 7
484 557 7
557 484 7
418 524 7
524 418 7
484 528 7
528 484 7
529 532 7
532 529 7
381 572 7
572 381 7
516 529 7
529 516 7
523 557 7
557 523 7
529 576 7
576 529 7
555 572 7
572 555 7
529 533 7
533 529 7
418 525 7
525 418 7
524 557 7
557 524 7
501 566 7
566 501 7
382 529 7
529 382 7
552 568 7
568 552 7
530 556 7
556 530 7
484 526 7
526 484 7
525 557 7
557 525 7
397 556 7
556 397 7
523 526 7
526 523 7
566 576 7
576 566 7
556 573 7
573 556 7
524 526 7
526 524 7
549 556 7
556 549 7
382 566 7
566 382 7
480 529 7
529 480 7
530 568 7
568 530 7
525 526 7
526 525 7
381 552 7
552 381 7
501 572 7
572 501 7
529 534 7
534 529 7
397 568 7
568 397 7
552 555 7
555 552 7
568 573 7
573 568 7
549 568 7
568 549 7
572 576 7
576 572 7
480 566 7
566 480 7
528 529 7
529 528 7
484 532 7
532 484 7
382 572 7
572 382 7
534 566 7
566 534 7
484 516 7
516 484 7
381 530 7
530 381 7
523 532 7
532 523 7
484 533 7
533 484 7
381 397 7
397 381 7
530 555 7
555 530 7
516 523 7
523 516 7
524 532 7
532 524 7
397 555 7
555 397 7
516 524 7
524 516 7
523 533 7
533 523 7
381 573 7
573 381 7
528 566 7
566 528 7
501 552 7
552 501 7
381 549 7
549 381 7
524 533 7
533 524 7
555 573 7
573 555 7
525 532 7
532 525 7
480 572 7
572 480 7
549 555 7
555 549 7
516 525 7
525 516 7
418 556 7
556 418 7
534 572 7
572 534 7
525 533 7
533 525 7
552 576 7
576 552 7
556 557 7
557 556 7
382 552 7
552 382 7
501 530 7
530 501 7
528 572 7
572 528 7
397 501 7
501 397 7
418 568 7
568 418 7
501 573 7
573 501 7
530 576 7
576 530 7
526 556 7
556 526 7
501 549 7
549 501 7
557 568 7
568 557 7
397 576 7
576 397 7
480 552 7
552 480 7
382 530 7
530 382 7
534 552 7
552 534 7
382 397 7
397 382 7
573 576 7
576 573 7
549 576 7
576 549 7
382 573 7
573 382 7
381 418 7
418 381 7
382 549 7
549 382 7
526 568 7
568 526 7
418 555 7
555 418 7
528 552 7
552 528 7
381 557 7
557 381 7
480 530 7
530 480 7
397 480 7
480 397 7
555 557 7
557 555 7
530 534 7
534 530 7
397 534 7
534 397 7
480 573 7
573 480 7
532 556 7
556 532 7
480 549 7
549 480 7
516 556 7
556 516 7
534 573 7
573 534 7
381 526 7
526 381 7
534 549 7
549 534 7
533 556 7
556 533 7
528 530 7
530 528 7
526 555 7
555 526 7
397 528 7
528 397 7
418 501 7
501 418 7
528 573 7
573 528 7
532 568 7
568 532 7
528 549 7
549 528 7
501 557 7
557 501 7
516 568 7
568 516 7
418 576 7
576 418 7
533 568 7
568 533 7
382 418 7
418 382 7
557 576 7
576 557 7
501 526 7
526 501 7
382 557 7
557 382 7
381 532 7
532 381 7
381 516 7
516 381 7
532 555 7
555 532 7
381 533 7
533 381 7
516 555 7
555 516 7
418 480 7
480 418 7
526 576 7
576 526 7
533 555 7
555 533 7
418 534 7
534 418 7
382 526 7
526 382 7
480 557 7
557 480 7
534 557 7
557 534 7
418 528 7
528 418 7
501 532 7
532 501 7
480 526 7
526 480 7
501 516 7
516 501 7
528 557 7
557 528 7
526 534 7
534 526 7
501 533 7
533 501 7
532 576 7
576 532 7
516 576 7
576 516 7
382 532 7
532 382 7
533 576 7
576 533 7
526 528 7
528 526 7
382 516 7
516 382 7
382 533 7
533 382 7
480 532 7
532 480 7
480 516 7
516 480 7
532 534 7
534 532 7
480 533 7
533 480 7
516 534 7
534 516 7
533 534 7
534 533 7
528 532 7
532 528 7
516 528 7
528 516 7
528 533 7
533 528 7
372 395 7
395 372 7
564 565 7
565 564 7
461 462 7
462 461 7
396 453 7
453 396 7
428 584 7
584 428 7
428 429 7
429 428 7
492 494 7
494 492 7
561 567 7
567 561 7
536 567 7
567 536 7
431 513 7
513 431 7
431 560 7
560 431 7
