587 6829 8
2 2 2 2 2 2 2 2 2 1 2 2 1 1 2 2 2 1 1 2 2 2 2 2 1 2 2 2 2 2 2 2 2 2 2 2 2 2 2 2 1 1 1 1 1 2 2 2 2 2 2 2 1 2 1 2 2 2 2 1 2 2 2 2 2 2 2 2 2 2 1 2 2 2 2 1 1 1 2 1 1 1 2 1 2 1 2 2 1 1 1 1 1 2 1 1 2 2 2 2 2 2 2 2 2 2 2 2 2 1 2 2 1 2 2 1 2 2 1 1 1 1 1 2 2 2 2 1 1 1 1 2 2 2 1 2 2 2 2 2 2 2 2 1 1 2 1 1 2 1 1 1 1 2 1 2 2 2 1 1 2 2 2 2 2 2 2 2 2 2 2 2 1 1 2 2 2 1 1 2 1 2 1 1 1 1 2 2 1 2 2 2 2 2 1 2 2 2 2 1 1 2 1 1 1 1 2 2 1 2 2 2 2 2 2 2 1 2 2 1 1 2 2 2 2 1 1 2 2 1 1 1 2 2 1 2 1 1 1 2 2 2 2 2 2 1 1 1 2 2 2 2 2 1 2 2 2 2 1 2 1 1 1 2 1 2 2 2 2 1 2 2 1 1 1 1 2 2 1 1 1 2 2 2 2 2 2 2 2 2 2 1 2 2 1 1 2 2 1 1 2 2 1 1 2 1 1 2 1 2 2 2 1 1 1 1 1 1 2 1 2 2 2 1 2 2 1 1 2 1 2 2 2 2 2 2 2 2 1 2 1 1 1 1 2 2 2 2 1 2 1 2 2 2 2 2 2 2 1 1 1 1 1 1 0 0 0 0 0 0 0 0 0 0 0 0 0 0 0 0 0 0 0 0 0 0 0 0 0 0 0 0 0 0 0 0 0 0 0 0 0 0 0 0 0 0 0 0 0 0 0 0 0 0 0 0 0 0 0 0 0 0 0 0 0 0 0 0 0 0 0 0 0 0 0 0 0 0 0 0 0 0 0 0 0 0 0 0 0 0 0 0 0 0 0 0 0 0 0 0 0 0 0 0 0 0 0 0 0 0 0 0 0 0 0 0 0 0 0 0 0 0 0 0 0 0 0 0 0 0 0 0 0 0 0 0 0 0 0 0 0 0 0 0 0 0 0 0 0 0 0 0 0 0 0 0 0 0 0 0 0 0 0 0 0 0 0 0 0 0 0 0 0 0 0 0 0 0 0 0 0 0 0 0 0 0 0 0 0 0 0 0 0 0 0 0 0 0 0 0 0 0 0 0 0 0 0 0 0 0 0 0 0 0 0 0 0 0 0 0 0 0 0 0 0 0 0
9 112 4
9 168 3
9 377 5
11 32 0
11 396 2
12 38 3
12 93 3
12 111 3
12 184 4
12 256 3
12 351 3
12 355 3
12 364 5
12 366 5
12 374 5
12 396 5
12 409 5
12 423 5
12 428 5
12 432 5
12 434 5
12 444 5
12 454 5
12 456 5
12 461 5
12 476 5
12 497 5
12 566 5
12 581 5
12 585 5
13 26 3
13 112 4
13 125 3
13 351 3
13 374 5
13 377 5
13 473 5
13 583 5
17 160 3
17 212 3
17 570 5
18 17 4
18 32 3
18 43 4
18 46 3
18 71 3
18 156 3
18 168 3
18 255 3
18 351 3
18 377 5
18 473 5
18 583 5
24 23 3
24 33 3
24 419 5
24 512 5
27 328 0
27 371 2
27 405 2
27 448 2
27 496 2
29 39 0
29 112 1
29 116 0
29 123 0
29 174 0
29 282 0
29 351 0
29 410 2
29 411 2
29 417 2
29 419 2
29 452 2
29 586 2
40 257 3
40 460 5
41 350 4
41 387 5
42 8 3
42 32 3
42 111 3
42 160 3
42 168 3
42 309 3
42 373 5
42 383 5
42 397 5
42 424 5
42 428 5
42 468 5
42 474 5
42 481 5
42 482 5
42 510 5
43 6 3
43 23 3
43 67 3
43 100 3
43 124 3
43 126 3
43 168 3
43 244 3
43 407 5
43 409 5
43 411 5
43 423 5
43 426 5
43 432 5
43 444 5
43 450 5
43 454 5
43 468 5
43 496 5
43 536 5
43 561 5
43 567 5
43 581 5
44 126 3
44 398 5
44 438 5
49 50 0
52 25 3
52 112 4
52 168 3
52 186 3
52 212 3
52 255 3
52 263 3
52 296 3
52 299 4
52 394 5
52 412 5
52 421 5
52 456 5
52 458 5
52 470 5
52 487 5
52 498 5
52 504 5
52 520 5
52 580 5
53 151 1
53 170 0
53 172 1
53 456 2
54 45 3
54 171 3
54 328 3
54 522 5
56 36 0
56 123 0
56 211 0
56 355 0
56 384 2
56 410 2
56 415 2
56 428 2
56 429 2
56 443 2
56 450 2
56 495 2
56 510 2
56 519 2
56 520 2
56 584 2
59 356 3
59 459 5
70 42 4
70 168 3
70 575 5
75 125 3
75 328 3
75 351 3
75 406 5
75 412 5
75 415 5
75 417 5
75 446 5
75 447 5
75 463 5
75 471 5
75 477 5
75 479 5
75 491 5
75 493 5
75 538 5
76 35 3
76 37 3
76 58 3
76 94 4
76 110 3
76 145 3
76 195 3
76 218 3
76 250 3
76 271 3
76 288 3
76 328 3
76 334 3
76 336 3
76 344 3
76 351 3
76 364 5
76 371 5
76 376 5
76 377 5
76 420 5
76 421 5
76 422 5
76 423 5
76 432 5
76 433 5
76 440 5
76 444 5
76 445 5
76 449 5
76 450 5
76 454 5
76 455 5
76 468 5
76 469 5
76 471 5
76 473 5
76 477 5
76 481 5
76 511 5
76 514 5
76 543 5
76 544 5
76 545 5
76 564 5
76 574 5
76 581 5
76 583 5
77 351 3
77 364 5
77 371 5
77 377 5
77 420 5
77 421 5
77 422 5
77 423 5
77 432 5
77 440 5
77 444 5
77 447 5
77 454 5
77 473 5
77 474 5
77 477 5
77 510 5
77 574 5
77 581 5
79 17 4
79 30 3
79 33 3
79 99 3
79 101 3
79 111 3
79 168 3
79 211 3
79 248 3
79 255 3
79 310 3
79 332 3
79 351 3
79 368 5
79 376 5
79 379 5
79 384 5
79 386 5
79 393 5
79 394 5
79 406 5
79 411 5
79 412 5
79 414 5
79 417 5
79 426 5
79 427 5
79 429 5
79 430 5
79 435 5
79 447 5
79 455 5
79 458 5
79 459 5
79 464 5
79 470 5
79 476 5
79 486 5
79 491 5
79 493 5
79 495 5
79 497 5
79 504 5
79 537 5
79 547 5
79 582 5
79 584 5
79 586 5
80 133 3
80 168 3
80 189 3
80 406 5
81 310 3
81 410 5
81 411 5
81 440 5
83 47 3
83 112 4
83 114 3
83 268 3
83 408 5
83 423 5
83 432 5
83 444 5
83 447 5
83 454 5
83 457 5
83 496 5
83 510 5
83 581 5
84 168 0
84 333 0
84 349 0
84 351 0
84 405 2
84 415 2
84 448 2
84 456 2
85 211 3
85 213 3
85 268 3
85 288 3
85 351 3
85 410 5
85 426 5
85 435 5
85 457 5
85 470 5
85 472 5
85 476 5
85 483 5
85 492 5
85 494 5
88 4 3
88 309 3
88 355 3
88 448 5
89 43 4
89 60 3
89 112 4
89 288 3
89 328 3
89 344 3
89 351 3
89 366 5
89 376 5
89 387 5
89 404 5
89 407 5
89 409 5
89 423 5
89 424 5
89 432 5
89 433 5
89 435 5
89 444 5
89 445 5
89 454 5
89 455 5
89 456 5
89 465 5
89 466 5
89 467 5
89 514 5
89 537 5
89 558 5
89 574 5
89 581 5
89 585 5
90 112 4
90 288 3
90 328 3
90 351 3
90 471 5
90 477 5
90 491 5
90 574 5
91 10 3
91 49 3
91 55 3
91 57 3
91 117 3
91 255 3
91 266 3
91 311 3
91 328 3
91 332 3
91 339 3
91 388 5
91 410 5
91 419 5
91 422 5
91 425 5
91 426 5
91 428 5
91 429 5
91 436 5
91 456 5
91 467 5
91 496 5
91 498 5
91 584 5
92 10 3
92 212 3
92 328 3
92 419 5
92 442 5
94 33 3
94 211 3
94 212 3
94 328 3
94 332 3
94 355 3
94 386 5
94 447 5
95 212 3
95 456 5
97 4 0
97 7 0
97 19 0
97 103 0
97 212 0
97 299 1
97 343 1
97 350 1
97 366 2
97 374 2
97 387 2
97 391 2
97 401 2
97 403 2
97 405 2
97 407 2
97 410 2
97 419 2
97 425 2
97 446 2
97 447 2
97 448 2
97 462 2
97 463 2
97 470 2
97 474 2
97 476 2
97 491 2
97 492 2
97 494 2
97 496 2
97 510 2
97 538 2
109 55 3
109 328 3
109 332 3
109 364 5
112 23 3
112 101 3
112 232 3
112 242 3
112 244 3
112 255 3
112 297 3
112 456 5
112 470 5
112 496 5
112 510 5
115 0 3
115 48 3
115 383 5
115 481 5
115 482 5
115 483 5
118 62 3
118 309 3
118 401 5
118 459 5
118 557 5
119 60 3
119 176 3
119 214 3
119 446 5
119 447 5
119 538 5
120 351 3
120 399 5
120 405 5
120 446 5
120 447 5
120 448 5
120 538 5
121 78 3
121 168 3
121 409 5
121 553 5
122 33 3
122 351 3
122 365 5
122 366 5
122 456 5
122 494 5
122 510 5
122 511 5
127 21 3
127 42 4
127 124 3
127 408 5
127 411 5
127 412 5
127 442 5
127 470 5
127 476 5
127 512 5
127 540 5
128 39 3
128 116 3
128 191 3
128 386 5
128 402 5
128 446 5
128 447 5
128 448 5
128 482 5
129 33 3
129 408 5
130 31 3
130 65 3
130 72 3
130 255 3
130 494 5
130 495 5
134 64 3
134 101 3
134 481 5
138 33 0
138 36 0
138 112 1
138 125 0
138 148 0
138 297 0
138 299 1
138 309 0
138 328 0
138 384 2
138 410 2
138 446 2
138 447 2
138 510 2
138 536 2
138 538 2
138 561 2
139 28 0
139 32 0
139 299 1
139 332 0
139 343 1
139 351 0
139 392 2
139 405 2
139 419 2
139 428 2
139 429 2
139 446 2
139 447 2
139 448 2
139 536 2
139 538 2
139 561 2
139 584 2
140 136 0
140 212 0
140 351 0
140 424 2
140 440 2
140 494 2
140 496 2
140 584 2
141 349 0
141 351 0
141 419 2
141 430 2
141 446 2
141 447 2
141 481 2
141 483 2
141 510 2
141 538 2
142 47 0
142 523 2
143 14 3
143 196 3
143 423 5
143 432 5
143 444 5
143 452 5
143 454 5
143 581 5
144 1 3
144 468 5
146 16 3
146 55 3
146 60 3
146 78 3
146 137 3
146 187 3
146 191 3
146 207 3
146 212 3
146 239 3
146 241 3
146 255 3
146 288 3
146 328 3
146 343 4
146 351 3
146 355 3
146 364 5
146 368 5
146 374 5
146 375 5
146 378 5
146 388 5
146 389 5
146 392 5
146 407 5
146 409 5
146 410 5
146 419 5
146 426 5
146 428 5
146 429 5
146 430 5
146 435 5
146 437 5
146 451 5
146 452 5
146 454 5
146 456 5
146 457 5
146 459 5
146 469 5
146 470 5
146 471 5
146 472 5
146 476 5
146 483 5
146 485 5
146 492 5
146 494 5
146 512 5
146 519 5
146 520 5
146 525 5
146 530 5
146 536 5
146 538 5
146 545 5
146 558 5
146 584 5
147 36 3
147 343 4
147 467 5
147 481 5
147 503 5
149 241 3
149 351 3
149 383 5
149 436 5
149 439 5
150 8 3
150 381 5
150 382 5
150 383 5
150 384 5
150 397 5
150 415 5
150 418 5
150 428 5
150 429 5
150 436 5
150 439 5
150 446 5
150 447 5
150 448 5
150 480 5
150 501 5
150 510 5
150 516 5
150 523 5
150 524 5
150 525 5
150 526 5
150 528 5
150 529 5
150 530 5
150 532 5
150 533 5
150 534 5
150 549 5
150 551 5
150 555 5
150 556 5
150 557 5
150 566 5
150 568 5
150 569 5
150 572 5
150 573 5
150 576 5
150 584 5
151 165 3
151 166 3
151 364 5
151 366 5
151 373 5
151 585 5
152 39 3
152 349 3
152 442 5
152 456 5
154 67 3
154 212 3
154 335 3
154 351 3
154 356 3
154 466 5
154 467 5
158 22 3
158 187 3
158 288 3
158 345 3
158 399 5
159 112 4
159 428 5
159 429 5
159 584 5
169 255 0
169 570 2
172 349 3
172 419 5
172 450 5
172 482 5
173 32 3
173 336 3
173 337 3
173 419 5
177 17 4
177 23 3
177 32 3
177 55 3
177 78 3
177 99 3
177 101 3
177 105 3
177 114 3
177 132 3
177 168 3
177 187 3
177 197 3
177 212 3
177 232 3
177 244 3
177 255 3
177 267 3
177 297 3
177 328 3
177 349 3
177 350 4
177 351 3
177 377 5
177 399 5
177 403 5
177 405 5
177 408 5
177 410 5
177 433 5
177 446 5
177 447 5
177 448 5
177 450 5
177 456 5
177 466 5
177 467 5
177 469 5
177 470 5
177 471 5
177 473 5
177 496 5
177 499 5
177 538 5
177 583 5
178 99 3
178 114 3
178 168 3
180 303 4
180 374 5
182 333 3
182 388 5
182 407 5
182 409 5
182 415 5
182 471 5
183 17 4
183 168 3
183 212 3
183 322 3
183 333 3
183 350 4
183 351 3
183 397 5
183 407 5
183 409 5
183 415 5
183 420 5
183 428 5
183 429 5
183 446 5
183 447 5
183 448 5
183 450 5
183 453 5
183 456 5
183 496 5
183 538 5
183 569 5
183 584 5
184 222 3
184 235 3
184 405 5
184 446 5
184 447 5
184 448 5
184 538 5
185 111 3
185 211 3
185 355 3
185 394 5
185 405 5
188 42 4
188 63 3
188 241 3
188 299 4
188 384 5
188 415 5
188 428 5
188 429 5
188 495 5
188 519 5
188 520 5
188 584 5
194 33 3
194 563 5
199 328 3
199 376 5
199 377 5
199 422 5
199 423 5
199 432 5
199 433 5
199 437 5
199 444 5
199 445 5
199 454 5
199 455 5
199 473 5
199 514 5
199 581 5
199 583 5
200 67 3
200 520 5
202 125 3
202 401 5
203 198 3
203 470 5
203 476 5
203 533 5
203 536 5
203 541 5
203 561 5
203 582 5
204 198 3
204 239 3
204 351 3
204 536 5
204 561 5
205 304 3
205 442 5
205 456 5
206 328 0
206 470 2
206 471 2
206 476 2
206 477 2
208 112 4
208 153 3
208 207 3
208 367 5
208 371 5
208 376 5
208 410 5
208 413 5
208 433 5
208 451 5
208 455 5
208 466 5
208 467 5
208 481 5
208 514 5
208 582 5
209 49 0
209 322 0
209 407 2
209 409 2
209 459 2
215 23 0
215 86 0
215 277 0
215 297 0
215 299 1
215 465 2
216 10 3
216 42 4
216 49 3
216 155 3
216 166 3
216 405 5
216 407 5
216 412 5
216 419 5
216 420 5
216 446 5
216 447 5
216 448 5
216 538 5
216 550 5
219 16 3
219 17 4
219 33 3
219 37 3
219 39 3
219 42 4
219 72 3
219 162 3
219 168 3
219 187 3
219 210 3
219 328 3
219 351 3
219 364 5
219 365 5
219 366 5
219 367 5
219 368 5
219 369 5
219 370 5
219 371 5
219 373 5
219 374 5
219 376 5
219 377 5
219 383 5
219 392 5
219 405 5
219 410 5
219 412 5
219 415 5
219 420 5
219 422 5
219 423 5
219 432 5
219 433 5
219 440 5
219 444 5
219 445 5
219 448 5
219 454 5
219 455 5
219 465 5
219 466 5
219 467 5
219 470 5
219 471 5
219 473 5
219 474 5
219 475 5
219 476 5
219 478 5
219 481 5
219 482 5
219 483 5
219 491 5
219 492 5
219 494 5
219 497 5
219 510 5
219 518 5
219 519 5
219 520 5
219 558 5
219 580 5
219 581 5
219 583 5
220 36 3
220 73 3
220 136 3
220 218 3
220 233 3
220 376 5
220 377 5
220 384 5
220 423 5
220 424 5
220 425 5
220 427 5
220 428 5
220 429 5
220 432 5
220 433 5
220 444 5
220 445 5
220 454 5
220 455 5
220 466 5
220 473 5
220 476 5
220 477 5
220 479 5
220 498 5
220 502 5
220 504 5
220 506 5
220 514 5
220 535 5
220 539 5
220 577 5
220 580 5
220 581 5
220 582 5
220 583 5
220 584 5
225 137 3
225 395 5
225 415 5
225 428 5
225 453 5
225 465 5
226 8 3
226 72 3
226 287 3
226 301 3
226 423 5
226 432 5
226 444 5
226 454 5
226 487 5
226 488 5
226 489 5
226 490 5
226 515 5
226 581 5
227 299 1
227 383 2
227 448 2
227 494 2
228 8 0
228 112 1
228 462 2
229 0 3
229 17 4
229 21 3
229 23 3
229 32 3
229 33 3
229 49 3
229 51 3
229 57 3
229 60 3
229 78 3
229 99 3
229 100 3
229 101 3
229 105 3
229 111 3
229 126 3
229 137 3
229 162 3
229 168 3
229 172 4
229 192 3
229 211 3
229 212 3
229 243 3
229 255 3
229 265 3
229 266 3
229 276 3
229 288 3
229 311 3
229 324 3
229 328 3
229 333 3
229 336 3
229 349 3
229 351 3
229 365 5
229 373 5
229 380 5
229 387 5
229 392 5
229 400 5
229 410 5
229 411 5
229 412 5
229 415 5
229 419 5
229 422 5
229 423 5
229 446 5
229 447 5
229 456 5
229 457 5
229 459 5
229 469 5
229 471 5
229 477 5
229 481 5
229 482 5
229 483 5
229 485 5
229 492 5
229 493 5
229 507 5
229 510 5
229 513 5
229 536 5
229 537 5
229 538 5
229 542 5
229 555 5
229 560 5
229 561 5
229 563 5
229 580 5
230 33 3
230 466 5
231 33 3
231 101 3
231 153 3
231 154 4
231 304 3
231 506 5
234 66 3
234 407 5
234 409 5
234 423 5
234 432 5
234 444 5
234 445 5
234 454 5
234 581 5
236 0 3
236 407 5
236 409 5
237 0 3
237 26 3
237 392 5
237 453 5
237 482 5
238 78 3
238 284 3
238 351 3
238 383 5
238 408 5
238 443 5
238 481 5
238 510 5
245 108 3
245 207 3
245 328 3
245 420 5
246 175 3
246 176 3
246 207 3
246 212 3
246 399 5
247 304 3
247 442 5
247 456 5
253 356 3
258 160 3
258 255 3
258 286 3
258 299 4
258 309 3
258 343 4
258 349 3
258 370 5
258 567 5
260 72 3
260 287 3
260 303 4
260 309 3
260 392 5
260 393 5
260 406 5
260 409 5
260 485 5
260 486 5
260 487 5
260 488 5
260 489 5
260 490 5
260 515 5
261 168 3
261 192 3
261 288 3
261 318 3
261 378 5
261 448 5
261 459 5
261 485 5
262 23 3
262 31 3
262 42 4
262 68 3
262 288 3
262 383 5
262 387 5
262 406 5
262 409 5
262 456 5
262 482 5
262 571 5
264 276 3
264 343 4
269 61 3
269 157 3
269 255 3
269 333 3
269 407 5
269 409 5
269 488 5
270 112 1
270 331 0
270 351 0
270 543 2
270 544 2
272 168 3
272 466 5
272 467 5
273 32 3
273 87 3
273 99 3
273 162 3
273 168 3
273 421 5
273 456 5
274 0 3
274 21 3
274 23 3
274 32 3
274 33 3
274 49 3
274 51 3
274 57 3
274 60 3
274 78 3
274 85 4
274 99 3
274 100 3
274 101 3
274 105 3
274 111 3
274 126 3
274 137 3
274 162 3
274 168 3
274 172 4
274 192 3
274 211 3
274 212 3
274 229 4
274 243 3
274 244 3
274 255 3
274 265 3
274 266 3
274 276 3
274 288 3
274 324 3
274 328 3
274 333 3
274 336 3
274 343 4
274 349 3
274 351 3
274 368 5
274 373 5
274 386 5
274 387 5
274 392 5
274 394 5
274 409 5
274 410 5
274 411 5
274 415 5
274 419 5
274 423 5
274 428 5
274 429 5
274 431 5
274 432 5
274 436 5
274 438 5
274 443 5
274 444 5
274 447 5
274 452 5
274 454 5
274 456 5
274 458 5
274 465 5
274 466 5
274 467 5
274 468 5
274 469 5
274 470 5
274 471 5
274 476 5
274 477 5
274 483 5
274 492 5
274 510 5
274 527 5
274 561 5
274 574 5
274 579 5
274 581 5
274 584 5
274 586 5
275 25 3
275 30 3
275 240 3
275 285 3
275 353 3
275 384 5
275 394 5
275 401 5
275 403 5
275 443 5
275 450 5
275 456 5
275 458 5
275 502 5
278 20 3
278 33 3
278 108 3
278 224 3
278 351 3
278 376 5
278 408 5
278 423 5
278 426 5
278 427 5
278 432 5
278 433 5
278 444 5
278 454 5
278 455 5
278 466 5
278 468 5
278 470 5
278 476 5
278 514 5
278 581 5
279 212 3
279 255 3
279 299 4
279 343 4
279 351 3
279 352 3
279 456 5
279 470 5
279 476 5
279 496 5
280 0 3
280 61 3
280 157 3
280 333 3
280 383 5
280 407 5
280 409 5
280 437 5
290 5 0
290 145 0
290 235 0
290 289 0
290 325 0
290 328 0
290 510 2
290 536 2
290 561 2
291 352 3
291 446 5
291 447 5
291 448 5
294 33 3
294 51 3
294 123 3
294 266 3
294 288 3
294 297 3
294 328 3
294 350 4
294 351 3
294 400 5
294 404 5
294 407 5
294 409 5
294 419 5
294 423 5
294 432 5
294 436 5
294 444 5
294 446 5
294 447 5
294 454 5
294 456 5
294 474 5
294 476 5
294 482 5
294 494 5
294 496 5
294 536 5
294 541 5
294 547 5
294 555 5
294 561 5
294 581 5
295 51 3
295 103 3
295 288 3
295 292 3
295 297 3
295 346 3
295 407 5
295 409 5
295 419 5
295 487 5
295 488 5
295 489 5
295 490 5
295 515 5
295 525 5
295 536 5
295 555 5
295 561 5
295 584 5
298 111 3
298 137 3
298 334 3
298 350 4
298 374 5
298 405 5
298 446 5
298 447 5
298 448 5
298 450 5
298 510 5
298 511 5
298 522 5
298 538 5
298 554 5
299 36 3
299 60 3
299 350 4
299 374 5
299 401 5
299 405 5
299 409 5
299 446 5
299 447 5
299 448 5
299 450 5
299 466 5
299 467 5
299 510 5
299 538 5
302 133 3
302 504 5
302 505 5
303 72 3
303 287 3
303 355 3
303 384 5
303 385 5
303 399 5
303 401 5
303 405 5
303 428 5
303 429 5
303 448 5
303 465 5
303 482 5
303 485 5
303 487 5
303 488 5
303 489 5
303 490 5
303 500 5
303 515 5
303 536 5
303 584 5
305 259 3
305 302 4
305 404 5
305 481 5
306 0 3
306 3 3
306 15 3
306 21 3
306 31 3
306 32 3
306 33 3
306 34 3
306 35 3
306 36 3
306 39 3
306 48 3
306 49 3
306 51 3
306 55 3
306 57 3
306 82 3
306 98 3
306 99 3
306 101 3
306 102 3
306 106 3
306 112 4
306 132 3
306 137 3
306 154 4
306 157 3
306 161 3
306 163 3
306 168 3
306 175 3
306 179 3
306 187 3
306 192 3
306 201 3
306 207 3
306 210 3
306 211 3
306 212 3
306 217 3
306 218 3
306 229 4
306 239 3
306 241 3
306 244 3
306 255 3
306 263 3
306 266 3
306 267 3
306 274 4
306 288 3
306 300 3
306 304 3
306 309 3
306 311 3
306 321 3
306 324 3
306 328 3
306 332 3
306 333 3
306 344 3
306 347 3
306 350 4
306 351 3
306 355 3
306 376 5
306 392 5
306 394 5
306 405 5
306 406 5
306 411 5
306 423 5
306 428 5
306 432 5
306 440 5
306 444 5
306 446 5
306 447 5
306 448 5
306 454 5
306 465 5
306 470 5
306 471 5
306 476 5
306 482 5
306 483 5
306 498 5
306 511 5
306 520 5
306 538 5
306 581 5
308 32 3
308 210 3
308 284 3
308 337 3
308 406 5
308 410 5
308 419 5
308 423 5
308 432 5
308 444 5
308 454 5
308 456 5
308 465 5
308 468 5
308 470 5
308 505 5
308 508 5
308 536 5
308 581 5
312 23 3
312 31 3
312 101 3
312 104 3
312 378 5
312 430 5
312 482 5
312 571 5
313 0 3
313 101 3
313 104 3
313 423 5
313 428 5
313 429 5
313 432 5
313 444 5
313 454 5
313 581 5
313 584 5
314 108 3
314 112 4
314 114 3
314 190 3
314 211 3
314 212 3
314 224 3
314 255 3
314 288 3
314 322 3
314 407 5
314 409 5
314 453 5
314 459 5
314 482 5
315 32 3
315 57 3
315 78 3
315 101 3
315 135 3
315 167 3
315 168 3
315 172 4
315 281 3
315 284 3
315 324 3
315 336 3
315 364 5
315 384 5
315 411 5
315 419 5
315 481 5
315 510 5
315 574 5
316 0 3
316 23 3
316 32 3
316 33 3
316 55 3
316 64 3
316 85 4
316 98 3
316 101 3
316 112 4
316 165 3
316 168 3
316 172 4
316 193 3
316 211 3
316 212 3
316 221 3
316 328 3
316 343 4
316 346 3
316 350 4
316 351 3
316 367 5
316 384 5
316 387 5
316 399 5
316 407 5
316 410 5
316 411 5
316 415 5
316 419 5
316 420 5
316 423 5
316 424 5
316 425 5
316 428 5
316 429 5
316 432 5
316 444 5
316 448 5
316 451 5
316 454 5
316 456 5
316 459 5
316 463 5
316 465 5
316 471 5
316 472 5
316 477 5
316 481 5
316 483 5
316 510 5
316 517 5
316 531 5
316 565 5
316 581 5
316 584 5
317 172 4
317 324 3
317 563 5
319 49 3
319 112 4
319 113 3
319 167 3
319 337 3
319 406 5
319 508 5
320 299 1
320 343 1
320 462 2
320 496 2
323 328 3
323 408 5
323 411 5
323 424 5
323 468 5
323 474 5
323 483 5
326 36 3
326 123 3
326 351 3
326 355 3
326 410 5
326 456 5
326 510 5
327 299 4
327 357 3
327 424 5
327 425 5
327 456 5
329 6 3
329 21 3
329 49 3
329 69 3
329 98 3
329 101 3
329 164 3
329 212 3
329 351 3
329 388 5
329 423 5
329 432 5
329 444 5
329 445 5
329 454 5
329 459 5
329 581 5
338 107 3
338 423 5
338 432 5
338 444 5
338 445 5
338 454 5
338 581 5
340 8 3
340 17 4
340 23 3
340 31 3
340 62 3
340 72 3
340 82 3
340 86 3
340 101 3
340 160 3
340 162 3
340 207 3
340 212 3
340 249 3
340 252 3
340 254 3
340 283 3
340 328 3
340 334 3
340 344 3
340 351 3
340 373 5
340 376 5
340 378 5
340 380 5
340 384 5
340 386 5
340 387 5
340 403 5
340 405 5
340 406 5
340 407 5
340 409 5
340 410 5
340 412 5
340 414 5
340 415 5
340 416 5
340 419 5
340 420 5
340 421 5
340 423 5
340 432 5
340 435 5
340 436 5
340 438 5
340 439 5
340 444 5
340 445 5
340 446 5
340 447 5
340 448 5
340 449 5
340 452 5
340 454 5
340 457 5
340 460 5
340 465 5
340 466 5
340 467 5
340 469 5
340 471 5
340 474 5
340 476 5
340 477 5
340 481 5
340 484 5
340 510 5
340 511 5
340 529 5
340 538 5
340 559 5
340 560 5
340 562 5
340 563 5
340 564 5
340 570 5
340 572 5
340 581 5
341 350 4
341 393 5
341 396 5
341 419 5
341 424 5
341 437 5
341 446 5
341 447 5
341 449 5
341 452 5
341 510 5
341 521 5
341 538 5
342 328 3
342 350 4
342 407 5
342 409 5
342 437 5
342 446 5
342 447 5
342 449 5
342 452 5
342 510 5
342 538 5
343 36 3
343 72 3
343 98 3
343 111 3
343 112 4
343 176 3
343 212 3
343 371 5
343 379 5
343 380 5
343 391 5
343 405 5
343 424 5
343 436 5
343 443 5
343 446 5
343 447 5
343 448 5
343 452 5
343 459 5
343 468 5
343 476 5
343 518 5
343 519 5
343 520 5
343 538 5
348 0 3
348 57 3
348 96 3
348 153 3
348 154 4
348 161 3
348 223 3
348 288 3
348 293 3
348 324 3
348 328 3
348 330 3
348 344 3
348 394 5
348 412 5
348 548 5
350 26 3
350 151 4
350 168 3
350 409 5
354 26 0
354 65 0
354 181 0
354 307 0
354 351 0
354 457 2
358 32 3
358 125 3
358 168 3
358 265 3
358 351 3
358 509 5
359 101 3
359 207 3
359 212 3
359 344 3
360 2 3
360 74 3
360 85 4
360 101 3
360 131 3
360 154 4
360 251 3
360 257 3
360 297 3
360 379 5
360 401 5
360 419 5
360 481 5
360 482 5
360 483 5
360 496 5
360 519 5
360 580 5
361 42 4
361 410 5
361 466 5
361 467 5
362 112 4
362 456 5
363 175 3
363 355 3
363 375 5
363 378 5
363 390 5
363 405 5
363 409 5
363 421 5
363 422 5
363 446 5
363 447 5
363 448 5
363 450 5
363 504 5
363 538 5
364 4 6
364 5 6
364 7 6
364 12 7
364 23 6
364 33 6
364 42 7
364 49 6
364 67 6
364 73 6
364 76 7
364 77 7
364 78 6
364 82 6
364 101 6
364 103 6
364 109 7
364 137 6
364 145 6
364 146 7
364 151 7
364 197 6
364 208 7
364 219 7
364 229 7
364 232 6
364 250 6
364 271 6
364 292 6
364 315 7
364 334 6
364 347 6
364 360 7
365 4 6
365 5 6
365 7 6
365 23 6
365 33 6
365 49 6
365 50 6
365 67 6
365 73 6
365 78 6
365 82 6
365 101 6
365 103 6
365 122 7
365 137 6
365 145 6
365 197 6
365 219 7
365 229 7
365 232 6
365 250 6
365 271 6
365 292 6
365 334 6
365 347 6
366 4 6
366 5 6
366 7 6
366 12 7
366 23 6
366 33 6
366 49 6
366 67 6
366 73 6
366 78 6
366 82 6
366 89 7
366 97 6
366 101 6
366 103 6
366 122 7
366 137 6
366 145 6
366 151 7
366 197 6
366 219 7
366 232 6
366 250 6
366 271 6
366 292 6
366 334 6
366 347 6
367 4 6
367 5 6
367 7 6
367 23 6
367 33 6
367 49 6
367 67 6
367 73 6
367 78 6
367 82 6
367 101 6
367 103 6
367 137 6
367 145 6
367 197 6
367 208 7
367 219 7
367 232 6
367 250 6
367 271 6
367 292 6
367 316 7
367 334 6
367 347 6
368 4 6
368 5 6
368 7 6
368 23 6
368 33 6
368 49 6
368 50 6
368 67 6
368 73 6
368 78 6
368 79 7
368 82 6
368 101 6
368 103 6
368 137 6
368 145 6
368 146 7
368 197 6
368 219 7
368 232 6
368 250 6
368 271 6
368 274 7
368 292 6
368 334 6
368 347 6
369 4 6
369 5 6
369 7 6
369 23 6
369 33 6
369 49 6
369 67 6
369 73 6
369 78 6
369 82 6
369 101 6
369 103 6
369 137 6
369 145 6
369 197 6
369 208 7
369 219 7
369 232 6
369 250 6
369 271 6
369 292 6
369 334 6
369 347 6
370 4 6
370 5 6
370 7 6
370 23 6
370 33 6
370 49 6
370 67 6
370 73 6
370 78 6
370 82 6
370 101 6
370 103 6
370 137 6
370 145 6
370 197 6
370 219 7
370 232 6
370 250 6
370 258 7
370 271 6
370 292 6
370 334 6
370 347 6
371 4 6
371 5 6
371 7 6
371 23 6
371 27 6
371 33 6
371 49 6
371 67 6
371 73 6
371 76 7
371 77 7
371 78 6
371 82 6
371 101 6
371 103 6
371 137 6
371 145 6
371 197 6
371 208 7
371 219 7
371 232 6
371 250 6
371 271 6
371 292 6
371 334 6
371 343 7
371 347 6
372 0 6
372 12 7
372 19 6
372 25 6
372 33 6
372 35 6
372 42 7
372 45 6
372 47 6
372 78 6
372 97 6
372 111 6
372 113 6
372 122 7
372 132 6
372 135 6
372 153 6
372 163 6
372 164 6
372 183 7
372 197 6
372 203 7
372 207 6
372 225 7
372 233 6
372 240 6
372 253 7
372 299 7
372 300 6
372 314 7
372 316 7
372 334 6
372 351 6
372 360 7
373 42 7
373 136 6
373 151 7
373 170 6
373 219 7
373 229 7
373 274 7
373 340 7
374 0 6
374 5 6
374 12 7
374 13 7
374 15 6
374 38 6
374 42 7
374 69 6
374 93 6
374 97 6
374 102 6
374 103 6
374 105 6
374 110 6
374 111 6
374 112 7
374 123 6
374 132 6
374 146 7
374 147 7
374 150 7
374 161 6
374 164 6
374 180 7
374 207 6
374 217 6
374 219 7
374 266 6
374 287 6
374 298 7
374 299 7
374 301 6
374 334 6
374 335 6
375 25 6
375 69 6
375 72 6
375 74 6
375 105 6
375 124 6
375 126 6
375 217 6
375 223 6
375 250 6
375 259 6
375 276 6
375 287 6
375 310 6
375 328 6
375 332 6
376 0 6
376 5 6
376 33 6
376 37 6
376 65 6
376 69 6
376 76 7
376 79 7
376 85 7
376 89 7
376 93 6
376 96 6
376 99 6
376 124 6
376 132 6
376 172 7
376 174 6
376 181 6
376 189 6
376 197 6
376 199 7
376 208 7
376 212 6
376 219 7
376 220 7
376 266 6
376 276 6
376 278 7
376 296 6
376 297 6
376 306 7
376 311 6
376 325 6
376 332 6
376 335 6
376 337 6
376 340 7
376 343 7
376 351 6
377 0 6
377 5 6
377 9 7
377 13 7
377 18 7
377 33 6
377 37 6
377 65 6
377 69 6
377 76 7
377 77 7
377 85 7
377 93 6
377 96 6
377 99 6
377 124 6
377 132 6
377 172 7
377 174 6
377 177 7
377 181 6
377 189 6
377 197 6
377 199 7
377 212 6
377 219 7
377 220 7
377 266 6
377 276 6
377 296 6
377 297 6
377 311 6
377 325 6
377 332 6
377 335 6
377 337 6
377 343 7
377 351 6
378 25 6
378 69 6
378 72 6
378 74 6
378 105 6
378 124 6
378 126 6
378 146 7
378 217 6
378 223 6
378 250 6
378 259 6
378 261 7
378 276 6
378 287 6
378 310 6
378 312 7
378 328 6
378 332 6
378 340 7
378 363 7
379 25 6
379 79 7
379 86 6
379 288 6
379 343 7
379 360 7
380 25 6
380 86 6
380 229 7
380 288 6
380 340 7
380 343 7
381 5 6
381 33 6
381 47 6
381 150 7
381 163 6
381 189 6
381 210 6
381 223 6
382 103 6
382 150 7
382 156 6
382 197 6
382 337 6
383 42 7
383 71 6
383 115 7
383 149 7
383 150 7
383 219 7
383 227 6
383 238 7
383 250 6
383 262 7
383 280 7
384 0 6
384 21 6
384 31 6
384 32 6
384 33 6
384 34 6
384 37 6
384 38 6
384 42 7
384 45 6
384 56 6
384 63 6
384 65 6
384 66 6
384 67 6
384 79 7
384 86 6
384 93 6
384 106 6
384 124 6
384 138 6
384 145 6
384 150 7
384 155 6
384 165 6
384 170 6
384 172 7
384 176 6
384 188 7
384 189 6
384 191 6
384 197 6
384 198 6
384 212 6
384 220 7
384 222 6
384 223 6
384 239 6
384 240 6
384 251 6
384 256 6
384 268 6
384 275 7
384 277 6
384 286 6
384 287 6
384 289 6
384 299 7
384 303 7
384 310 6
384 315 7
384 316 7
384 335 6
384 337 6
384 340 7
384 350 7
384 355 6
385 51 6
385 303 7
385 343 7
386 10 6
386 79 7
386 94 7
386 128 7
386 136 6
386 156 6
386 197 6
386 271 6
386 274 7
386 277 6
386 284 6
386 340 7
386 350 7
387 10 6
387 11 6
387 12 7
387 41 7
387 42 7
387 54 7
387 89 7
387 97 6
387 136 6
387 151 7
387 156 6
387 197 6
387 208 7
387 219 7
387 229 7
387 260 7
387 262 7
387 271 6
387 274 7
387 277 6
387 284 6
387 316 7
387 326 7
387 340 7
387 350 7
388 91 7
388 146 7
388 181 6
388 182 7
388 249 6
388 329 7
389 0 6
389 15 6
389 33 6
389 57 6
389 63 6
389 65 6
389 85 7
389 96 6
389 103 6
389 107 6
389 111 6
389 123 6
389 137 6
389 146 7
389 214 6
389 254 6
389 256 6
389 284 6
389 287 6
389 289 6
389 297 6
389 335 6
389 343 7
390 0 6
390 1 6
390 5 6
390 21 6
390 35 6
390 38 6
390 47 6
390 69 6
390 87 6
390 99 6
390 113 6
390 124 6
390 125 6
390 137 6
390 145 6
390 146 7
390 151 7
390 170 6
390 175 6
390 186 6
390 191 6
390 207 6
390 210 6
390 217 6
390 233 6
390 250 6
390 254 6
390 277 6
390 287 6
390 298 7
390 300 6
390 332 6
390 347 6
390 352 6
390 363 7
391 16 6
391 20 6
391 21 6
391 22 6
391 49 6
391 66 6
391 87 6
391 93 6
391 96 6
391 97 6
391 124 6
391 148 6
391 156 6
391 163 6
391 197 6
391 240 6
391 252 6
391 256 6
391 265 6
391 268 6
391 275 7
391 298 7
391 303 7
391 343 7
391 356 6
391 357 6
392 0 6
392 5 6
392 26 6
392 35 6
392 42 7
392 60 6
392 63 6
392 67 6
392 69 6
392 74 6
392 78 6
392 82 6
392 85 7
392 87 6
392 93 6
392 96 6
392 99 6
392 101 6
392 102 6
392 103 6
392 113 6
392 114 6
392 131 6
392 132 6
392 139 6
392 145 6
392 146 7
392 153 6
392 156 6
392 161 6
392 164 6
392 165 6
392 166 6
392 172 7
392 181 6
392 197 6
392 207 6
392 217 6
392 219 7
392 229 7
392 237 7
392 240 6
392 244 6
392 256 6
392 259 6
392 260 7
392 265 6
392 274 7
392 293 6
392 300 6
392 306 7
392 310 6
392 318 6
392 330 6
392 332 6
392 345 6
392 347 6
392 350 7
393 0 6
393 26 6
393 35 6
393 63 6
393 69 6
393 78 6
393 79 7
393 99 6
393 114 6
393 132 6
393 156 6
393 164 6
393 166 6
393 172 7
393 207 6
393 217 6
393 240 6
393 256 6
393 259 6
393 260 7
393 300 6
393 330 6
393 332 6
393 341 7
393 345 6
393 347 6
394 5 6
394 9 7
394 45 6
394 47 6
394 52 7
394 55 6
394 73 6
394 79 7
394 93 6
394 105 6
394 137 6
394 172 7
394 185 7
394 274 7
394 275 7
394 287 6
394 306 7
394 310 6
394 334 6
394 348 7
395 5 6
395 21 6
395 23 6
395 49 6
395 55 6
395 58 6
395 63 6
395 102 6
395 123 6
395 124 6
395 161 6
395 193 6
395 211 6
395 223 6
395 225 7
395 268 6
395 330 6
395 339 6
395 352 6
396 5 6
396 11 6
396 12 7
396 23 6
396 49 6
396 55 6
396 58 6
396 63 6
396 102 6
396 123 6
396 124 6
396 161 6
396 193 6
396 211 6
396 223 6
396 268 6
396 330 6
396 339 6
396 341 7
396 352 6
397 25 6
397 42 7
397 150 7
397 183 7
397 224 6
397 296 6
397 357 6
398 21 6
398 33 6
398 44 7
398 60 6
398 96 6
398 151 7
398 254 6
398 277 6
398 311 6
398 332 6
399 21 6
399 33 6
399 60 6
399 96 6
399 120 7
399 151 7
399 158 7
399 177 7
399 246 7
399 254 6
399 277 6
399 303 7
399 311 6
399 316 7
399 332 6
400 229 7
400 250 6
400 276 6
400 294 7
401 5 6
401 28 6
401 30 6
401 35 6
401 38 6
401 60 6
401 69 6
401 97 6
401 103 6
401 106 6
401 118 7
401 124 6
401 145 6
401 164 6
401 175 6
401 186 6
401 197 6
401 202 7
401 235 6
401 240 6
401 256 6
401 267 6
401 275 7
401 292 6
401 299 7
401 303 7
401 325 6
401 343 7
401 347 6
401 357 6
401 360 7
402 5 6
402 35 6
402 45 6
402 96 6
402 113 6
402 117 6
402 127 7
402 128 7
402 156 6
402 250 6
402 287 6
402 300 6
402 341 7
402 355 6
402 357 6
403 33 6
403 69 6
403 97 6
403 112 7
403 164 6
403 177 7
403 196 6
403 217 6
403 235 6
403 275 7
403 301 6
403 334 6
403 340 7
404 0 6
404 3 6
404 5 6
404 21 6
404 23 6
404 25 6
404 26 6
404 38 6
404 45 6
404 51 6
404 58 6
404 61 6
404 63 6
404 65 6
404 74 6
404 89 7
404 102 6
404 111 6
404 124 6
404 126 6
404 145 6
404 148 6
404 164 6
404 184 7
404 189 6
404 193 6
404 195 6
404 207 6
404 223 6
404 250 6
404 286 6
404 289 6
404 292 6
404 294 7
404 300 6
404 305 7
404 310 6
404 337 6
404 351 6
405 21 6
405 26 6
405 27 6
405 33 6
405 67 6
405 84 6
405 86 6
405 97 6
405 120 7
405 139 6
405 148 6
405 177 7
405 184 7
405 185 7
405 216 7
405 217 6
405 219 7
405 240 6
405 251 6
405 259 6
405 263 6
405 287 6
405 298 7
405 299 7
405 300 6
405 303 7
405 306 7
405 318 6
405 330 6
405 340 7
405 343 7
405 356 6
405 363 7
406 0 6
406 2 6
406 4 6
406 5 6
406 7 6
406 14 6
406 23 6
406 69 6
406 74 6
406 75 7
406 79 7
406 80 7
406 85 7
406 93 6
406 105 6
406 111 6
406 112 7
406 114 6
406 148 6
406 151 7
406 156 6
406 162 6
406 165 6
406 172 7
406 174 6
406 175 6
406 181 6
406 196 6
406 197 6
406 223 6
406 257 6
406 260 7
406 262 7
406 293 6
406 306 7
406 308 7
406 319 7
406 330 6
406 332 6
406 333 6
406 339 6
406 340 7
407 43 7
407 49 6
407 50 6
407 55 6
407 67 6
407 89 7
407 97 6
407 146 7
407 156 6
407 164 6
407 182 7
407 183 7
407 184 7
407 198 6
407 209 6
407 216 7
407 218 6
407 234 7
407 236 7
407 269 7
407 280 7
407 288 6
407 294 7
407 295 7
407 314 7
407 316 7
407 328 6
407 334 6
407 340 7
407 342 7
408 0 6
408 5 6
408 38 6
408 42 7
408 47 6
408 69 6
408 83 7
408 93 6
408 102 6
408 103 6
408 105 6
408 110 6
408 111 6
408 112 7
408 113 6
408 123 6
408 127 7
408 129 7
408 132 6
408 151 7
408 177 7
408 207 6
408 217 6
408 238 7
408 266 6
408 278 7
408 287 6
408 292 6
408 301 6
408 323 7
408 332 6
408 334 6
409 0 6
409 5 6
409 12 7
409 33 6
409 43 7
409 47 6
409 64 6
409 65 6
409 89 7
409 96 6
409 111 6
409 121 7
409 146 7
409 182 7
409 183 7
409 184 7
409 191 6
409 197 6
409 209 6
409 234 7
409 236 7
409 250 6
409 260 7
409 262 7
409 269 7
409 274 7
409 280 7
409 284 6
409 287 6
409 288 6
409 294 7
409 295 7
409 299 7
409 314 7
409 330 6
409 332 6
409 337 6
409 340 7
409 342 7
409 347 6
409 350 7
409 363 7
410 29 6
410 56 6
410 81 7
410 85 7
410 91 7
410 97 6
410 138 6
410 146 7
410 177 7
410 208 7
410 217 6
410 219 7
410 229 7
410 259 6
410 274 7
410 308 7
410 316 7
410 326 7
410 340 7
410 361 7
411 29 6
411 43 7
411 79 7
411 81 7
411 127 7
411 217 6
411 229 7
411 259 6
411 274 7
411 306 7
411 315 7
411 316 7
411 323 7
412 0 6
412 5 6
412 52 7
412 74 6
412 75 7
412 79 7
412 85 7
412 93 6
412 99 6
412 102 6
412 113 6
412 127 7
412 166 6
412 175 6
412 184 7
412 193 6
412 207 6
412 216 7
412 217 6
412 219 7
412 229 7
412 240 6
412 259 6
412 288 6
412 330 6
412 340 7
412 347 6
412 348 7
413 0 6
413 5 6
413 74 6
413 85 7
413 93 6
413 99 6
413 102 6
413 113 6
413 166 6
413 175 6
413 184 7
413 193 6
413 207 6
413 208 7
413 217 6
413 240 6
413 259 6
413 288 6
413 330 6
413 347 6
414 79 7
414 96 6
414 112 7
414 164 6
414 165 6
414 168 6
414 181 6
414 191 6
414 213 6
414 223 6
414 249 6
414 330 6
414 340 7
415 33 6
415 56 6
415 73 6
415 75 7
415 84 6
415 87 6
415 150 7
415 182 7
415 183 7
415 188 7
415 211 6
415 219 7
415 225 7
415 229 7
415 250 6
415 274 7
415 307 6
415 316 7
415 340 7
416 63 6
416 340 7
416 343 7
417 0 6
417 5 6
417 29 6
417 74 6
417 75 7
417 79 7
417 85 7
417 93 6
417 99 6
417 102 6
417 113 6
417 166 6
417 175 6
417 184 7
417 193 6
417 207 6
417 217 6
417 240 6
417 259 6
417 288 6
417 330 6
417 347 6
418 33 6
418 150 7
418 297 6
419 24 7
419 25 6
419 29 6
419 43 7
419 82 6
419 85 7
419 91 7
419 92 7
419 93 6
419 97 6
419 105 6
419 112 7
419 139 6
419 141 6
419 146 7
419 148 6
419 172 7
419 173 7
419 216 7
419 217 6
419 229 7
419 251 6
419 274 7
419 294 7
419 295 7
419 301 6
419 302 7
419 308 7
419 315 7
419 316 7
419 332 6
419 340 7
419 341 7
419 357 6
419 360 7
420 5 6
420 7 6
420 21 6
420 25 6
420 33 6
420 35 6
420 46 6
420 63 6
420 74 6
420 76 7
420 77 7
420 93 6
420 105 6
420 114 6
420 124 6
420 126 6
420 151 7
420 171 6
420 183 7
420 190 6
420 216 7
420 217 6
420 219 7
420 245 7
420 254 6
420 259 6
420 266 6
420 292 6
420 297 6
420 300 6
420 316 7
420 328 6
420 340 7
420 346 6
420 351 6
420 357 6
421 5 6
421 7 6
421 21 6
421 25 6
421 33 6
421 35 6
421 46 6
421 52 7
421 63 6
421 74 6
421 76 7
421 77 7
421 93 6
421 105 6
421 114 6
421 124 6
421 126 6
421 151 7
421 171 6
421 190 6
421 217 6
421 254 6
421 259 6
421 266 6
421 273 7
421 292 6
421 297 6
421 300 6
421 328 6
421 340 7
421 346 6
421 351 6
421 357 6
421 363 7
422 5 6
422 7 6
422 21 6
422 25 6
422 33 6
422 35 6
422 46 6
422 63 6
422 74 6
422 76 7
422 77 7
422 91 7
422 93 6
422 105 6
422 114 6
422 124 6
422 126 6
422 151 7
422 171 6
422 190 6
422 199 7
422 217 6
422 219 7
422 229 7
422 245 7
422 254 6
422 259 6
422 266 6
422 292 6
422 297 6
422 300 6
422 316 7
422 328 6
422 340 7
422 346 6
422 351 6
422 357 6
422 363 7
423 0 6
423 5 6
423 12 7
423 33 6
423 37 6
423 43 7
423 65 6
423 69 6
423 76 7
423 77 7
423 83 7
423 85 7
423 89 7
423 93 6
423 96 6
423 99 6
423 124 6
423 132 6
423 143 7
423 172 7
423 174 6
423 181 6
423 189 6
423 197 6
423 199 7
423 212 6
423 219 7
423 220 7
423 226 7
423 229 7
423 234 7
423 266 6
423 274 7
423 276 6
423 278 7
423 294 7
423 296 6
423 297 6
423 306 7
423 308 7
423 311 6
423 313 7
423 316 7
423 325 6
423 329 7
423 332 6
423 335 6
423 337 6
423 338 7
423 340 7
423 343 7
423 351 6
424 1 6
424 4 6
424 5 6
424 26 6
424 35 6
424 42 7
424 45 6
424 63 6
424 64 6
424 69 6
424 89 7
424 96 6
424 98 6
424 112 7
424 140 6
424 153 6
424 188 7
424 189 6
424 191 6
424 210 6
424 211 6
424 217 6
424 220 7
424 240 6
424 255 6
424 288 6
424 294 7
424 295 7
424 297 6
424 299 7
424 300 6
424 303 7
424 309 6
424 316 7
424 323 7
424 326 7
424 327 7
424 332 6
424 335 6
424 341 7
424 343 7
424 347 6
424 349 6
425 1 6
425 4 6
425 5 6
425 26 6
425 35 6
425 45 6
425 63 6
425 64 6
425 69 6
425 89 7
425 91 7
425 96 6
425 97 6
425 98 6
425 112 7
425 153 6
425 189 6
425 191 6
425 210 6
425 211 6
425 217 6
425 220 7
425 240 6
425 255 6
425 288 6
425 294 7
425 295 7
425 297 6
425 299 7
425 300 6
425 309 6
425 316 7
425 326 7
425 327 7
425 332 6
425 335 6
425 341 7
425 343 7
425 347 6
425 349 6
426 1 6
426 4 6
426 5 6
426 26 6
426 35 6
426 43 7
426 45 6
426 63 6
426 64 6
426 69 6
426 79 7
426 85 7
426 91 7
426 96 6
426 98 6
426 112 7
426 146 7
426 153 6
426 189 6
426 191 6
426 210 6
426 211 6
426 217 6
426 240 6
426 255 6
426 278 7
426 288 6
426 297 6
426 299 7
426 300 6
426 309 6
426 332 6
426 335 6
426 347 6
426 349 6
427 1 6
427 4 6
427 5 6
427 26 6
427 35 6
427 45 6
427 63 6
427 64 6
427 69 6
427 79 7
427 96 6
427 98 6
427 112 7
427 153 6
427 189 6
427 191 6
427 210 6
427 211 6
427 217 6
427 220 7
427 240 6
427 255 6
427 278 7
427 288 6
427 297 6
427 299 7
427 300 6
427 309 6
427 332 6
427 335 6
427 347 6
427 349 6
428 12 7
428 25 6
428 33 6
428 35 6
428 42 7
428 47 6
428 56 6
428 63 6
428 85 7
428 91 7
428 96 6
428 102 6
428 107 6
428 111 6
428 123 6
428 137 6
428 139 6
428 146 7
428 150 7
428 159 7
428 183 7
428 188 7
428 207 6
428 220 7
428 221 6
428 225 7
428 250 6
428 274 7
428 292 6
428 297 6
428 303 7
428 306 7
428 313 7
428 316 7
428 332 6
428 334 6
428 335 6
429 0 6
429 15 6
429 33 6
429 45 6
429 56 6
429 57 6
429 74 6
429 79 7
429 91 7
429 96 6
429 103 6
429 107 6
429 111 6
429 137 6
429 139 6
429 146 7
429 150 7
429 156 6
429 159 7
429 176 6
429 183 7
429 188 7
429 196 6
429 214 6
429 220 7
429 240 6
429 254 6
429 256 6
429 259 6
429 274 7
429 287 6
429 289 6
429 292 6
429 303 7
429 313 7
429 316 7
430 33 6
430 79 7
430 87 6
430 141 6
430 146 7
430 189 6
430 217 6
430 284 6
430 312 7
430 335 6
431 35 6
431 74 6
431 181 6
431 274 7
432 12 7
432 33 6
432 43 7
432 55 6
432 76 7
432 77 7
432 83 7
432 89 7
432 99 6
432 143 7
432 148 6
432 156 6
432 189 6
432 197 6
432 199 7
432 219 7
432 220 7
432 226 7
432 234 7
432 274 7
432 278 7
432 294 7
432 306 7
432 308 7
432 313 7
432 316 7
432 329 7
432 333 6
432 334 6
432 338 7
432 340 7
433 33 6
433 55 6
433 76 7
433 89 7
433 99 6
433 148 6
433 156 6
433 177 7
433 189 6
433 197 6
433 199 7
433 208 7
433 219 7
433 220 7
433 278 7
433 333 6
433 334 6
434 12 7
434 33 6
434 42 7
434 87 6
434 102 6
434 259 6
434 266 6
435 25 6
435 79 7
435 85 7
435 89 7
435 146 7
435 156 6
435 340 7
436 61 6
436 91 7
436 149 7
436 150 7
436 274 7
436 294 7
436 340 7
436 343 7
436 344 6
437 49 6
437 93 6
437 146 7
437 164 6
437 199 7
437 241 6
437 255 6
437 280 7
437 330 6
437 341 7
437 342 7
438 44 7
438 93 6
438 164 6
438 241 6
438 255 6
438 274 7
438 330 6
438 340 7
439 69 6
439 133 6
439 137 6
439 149 7
439 150 7
439 161 6
439 189 6
439 196 6
439 240 6
439 256 6
439 286 6
439 287 6
439 293 6
439 334 6
439 340 7
440 5 6
440 7 6
440 21 6
440 25 6
440 33 6
440 35 6
440 46 6
440 63 6
440 74 6
440 76 7
440 77 7
440 81 7
440 93 6
440 105 6
440 114 6
440 124 6
440 126 6
440 140 6
440 151 7
440 171 6
440 190 6
440 217 6
440 219 7
440 254 6
440 259 6
440 266 6
440 292 6
440 297 6
440 300 6
440 306 7
440 328 6
440 346 6
440 351 6
440 357 6
441 33 6
441 49 6
441 82 6
441 147 7
441 154 7
441 197 6
441 219 7
441 250 6
441 296 6
441 340 7
442 33 6
442 49 6
442 82 6
442 92 7
442 127 7
442 152 7
442 154 7
442 197 6
442 205 7
442 247 7
442 250 6
442 296 6
443 0 6
443 5 6
443 17 7
443 31 6
443 34 6
443 35 6
443 36 6
443 47 6
443 56 6
443 69 6
443 71 6
443 79 7
443 85 7
443 105 6
443 106 6
443 111 6
443 112 7
443 116 6
443 131 6
443 146 7
443 191 6
443 196 6
443 209 6
443 223 6
443 229 7
443 238 7
443 261 7
443 268 6
443 274 7
443 275 7
443 288 6
443 308 7
443 314 7
443 330 6
443 343 7
443 351 6
444 0 6
444 12 7
444 21 6
444 33 6
444 38 6
444 43 7
444 55 6
444 63 6
444 69 6
444 73 6
444 76 7
444 77 7
444 83 7
444 89 7
444 93 6
444 96 6
444 99 6
444 101 6
444 103 6
444 124 6
444 132 6
444 143 7
444 145 6
444 148 6
444 156 6
444 161 6
444 167 6
444 181 6
444 189 6
444 197 6
444 199 7
444 217 6
444 219 7
444 220 7
444 226 7
444 234 7
444 256 6
444 257 6
444 259 6
444 274 7
444 278 7
444 292 6
444 294 7
444 306 7
444 308 7
444 313 7
444 316 7
444 329 7
444 332 6
444 334 6
444 338 7
444 340 7
445 0 6
445 12 7
445 21 6
445 33 6
445 38 6
445 43 7
445 55 6
445 63 6
445 69 6
445 73 6
445 76 7
445 77 7
445 83 7
445 89 7
445 93 6
445 96 6
445 99 6
445 101 6
445 103 6
445 124 6
445 132 6
445 143 7
445 145 6
445 148 6
445 156 6
445 161 6
445 167 6
445 181 6
445 189 6
445 197 6
445 199 7
445 208 7
445 217 6
445 219 7
445 220 7
445 226 7
445 234 7
445 256 6
445 257 6
445 259 6
445 274 7
445 278 7
445 292 6
445 294 7
445 303 7
445 306 7
445 308 7
445 313 7
445 316 7
445 329 7
445 332 6
445 334 6
445 338 7
445 340 7
446 21 6
446 26 6
446 33 6
446 67 6
446 75 7
446 86 6
446 97 6
446 119 7
446 120 7
446 128 7
446 138 6
446 139 6
446 141 6
446 148 6
446 150 7
446 177 7
446 183 7
446 184 7
446 216 7
446 217 6
446 229 7
446 240 6
446 251 6
446 259 6
446 263 6
446 287 6
446 291 7
446 294 7
446 298 7
446 299 7
446 300 6
446 306 7
446 318 6
446 330 6
446 340 7
446 341 7
446 342 7
446 343 7
446 356 6
446 363 7
447 0 6
447 38 6
447 47 6
447 66 6
447 69 6
447 75 7
447 77 7
447 79 7
447 83 7
447 94 7
447 97 6
447 111 6
447 119 7
447 120 7
447 128 7
447 138 6
447 139 6
447 141 6
447 150 7
447 177 7
447 181 6
447 183 7
447 184 7
447 190 6
447 191 6
447 196 6
447 197 6
447 216 7
447 229 7
447 235 6
447 242 6
447 248 6
447 266 6
447 274 7
447 289 6
447 291 7
447 294 7
447 297 6
447 298 7
447 299 7
447 300 6
447 301 6
447 303 7
447 306 7
447 340 7
447 341 7
447 342 7
447 343 7
447 347 6
447 351 6
447 363 7
448 0 6
448 27 6
448 38 6
448 47 6
448 66 6
448 69 6
448 84 6
448 88 7
448 97 6
448 111 6
448 120 7
448 128 7
448 139 6
448 150 7
448 177 7
448 181 6
448 183 7
448 184 7
448 190 6
448 191 6
448 196 6
448 197 6
448 216 7
448 219 7
448 227 6
448 235 6
448 242 6
448 248 6
448 261 7
448 266 6
448 289 6
448 291 7
448 297 6
448 298 7
448 299 7
448 300 6
448 301 6
448 303 7
448 306 7
448 316 7
448 340 7
448 343 7
448 347 6
448 351 6
448 363 7
449 71 6
449 76 7
449 332 6
449 340 7
449 341 7
449 342 7
450 5 6
450 15 6
450 21 6
450 47 6
450 62 6
450 64 6
450 65 6
450 74 6
450 78 6
450 87 6
450 93 6
450 96 6
450 111 6
450 135 6
450 137 6
450 156 6
450 161 6
450 164 6
450 166 6
450 172 7
450 191 6
450 193 6
450 197 6
450 248 6
450 277 6
450 287 6
450 299 7
450 307 6
450 330 6
450 332 6
450 335 6
450 344 6
450 347 6
450 351 6
450 352 6
451 5 6
451 25 6
451 33 6
451 38 6
451 45 6
451 74 6
451 87 6
451 146 7
451 157 6
451 164 6
451 170 6
451 208 7
451 240 6
451 250 6
451 252 6
451 259 6
451 289 6
451 296 6
451 307 6
451 316 7
451 332 6
451 335 6
452 29 6
452 38 6
452 143 7
452 146 7
452 172 7
452 175 6
452 274 7
452 310 6
452 325 6
452 334 6
452 340 7
452 341 7
452 342 7
452 343 7
452 351 6
452 357 6
453 0 6
453 19 6
453 25 6
453 33 6
453 35 6
453 45 6
453 47 6
453 78 6
453 111 6
453 113 6
453 132 6
453 135 6
453 153 6
453 163 6
453 164 6
453 183 7
453 197 6
453 207 6
453 225 7
453 233 6
453 237 7
453 240 6
453 299 7
453 300 6
453 314 7
453 334 6
453 351 6
454 0 6
454 5 6
454 12 7
454 33 6
454 37 6
454 43 7
454 65 6
454 69 6
454 76 7
454 77 7
454 83 7
454 85 7
454 89 7
454 93 6
454 96 6
454 99 6
454 124 6
454 132 6
454 143 7
454 146 7
454 172 7
454 174 6
454 181 6
454 189 6
454 197 6
454 199 7
454 212 6
454 219 7
454 220 7
454 226 7
454 234 7
454 266 6
454 274 7
454 276 6
454 278 7
454 294 7
454 296 6
454 297 6
454 306 7
454 308 7
454 311 6
454 313 7
454 316 7
454 325 6
454 329 7
454 332 6
454 335 6
454 337 6
454 338 7
454 340 7
454 343 7
454 351 6
455 0 6
455 5 6
455 33 6
455 37 6
455 65 6
455 69 6
455 76 7
455 79 7
455 85 7
455 89 7
455 93 6
455 96 6
455 99 6
455 124 6
455 132 6
455 172 7
455 174 6
455 181 6
455 189 6
455 197 6
455 199 7
455 208 7
455 212 6
455 219 7
455 220 7
455 266 6
455 276 6
455 278 7
455 296 6
455 297 6
455 311 6
455 325 6
455 332 6
455 335 6
455 337 6
455 343 7
455 351 6
456 12 7
456 52 7
456 53 6
456 84 6
456 89 7
456 91 7
456 95 7
456 105 6
456 112 7
456 122 7
456 146 7
456 152 7
456 156 6
456 177 7
456 183 7
456 184 7
456 197 6
456 205 7
456 229 7
456 242 6
456 247 7
456 262 7
456 273 7
456 274 7
456 275 7
456 279 7
456 281 6
456 294 7
456 297 6
456 303 7
456 308 7
456 310 6
456 316 7
456 326 7
456 327 7
456 330 6
456 331 6
456 332 6
456 333 6
456 362 7
457 25 6
457 83 7
457 85 7
457 146 7
457 229 7
457 340 7
457 354 6
458 5 6
458 9 7
458 21 6
458 45 6
458 47 6
458 52 7
458 55 6
458 63 6
458 73 6
458 79 7
458 93 6
458 105 6
458 137 6
458 156 6
458 163 6
458 172 7
458 207 6
458 221 6
458 233 6
458 240 6
458 274 7
458 275 7
458 287 6
458 310 6
458 328 6
458 332 6
458 334 6
459 59 7
459 61 6
459 79 7
459 118 7
459 146 7
459 164 6
459 181 6
459 184 7
459 209 6
459 229 7
459 261 7
459 300 6
459 314 7
459 316 7
459 329 7
459 333 6
459 343 7
459 357 6
460 40 7
460 61 6
460 340 7
460 344 6
461 0 6
461 1 6
461 5 6
461 8 6
461 12 7
461 21 6
461 35 6
461 38 6
461 47 6
461 69 6
461 87 6
461 99 6
461 104 6
461 113 6
461 124 6
461 125 6
461 137 6
461 145 6
461 151 7
461 156 6
461 170 6
461 175 6
461 186 6
461 191 6
461 207 6
461 210 6
461 217 6
461 233 6
461 250 6
461 254 6
461 277 6
461 287 6
461 297 6
461 300 6
461 332 6
461 337 6
461 347 6
461 352 6
462 72 6
462 97 6
462 111 6
462 190 6
462 228 6
462 271 6
462 300 6
462 320 6
462 332 6
463 49 6
463 55 6
463 69 6
463 73 6
463 75 7
463 97 6
463 132 6
463 146 7
463 151 7
463 190 6
463 210 6
463 259 6
463 287 6
463 289 6
463 292 6
463 316 7
464 0 6
464 35 6
464 39 6
464 69 6
464 79 7
464 105 6
464 124 6
464 229 7
464 256 6
464 289 6
464 300 6
464 302 7
464 332 6
464 337 6
465 5 6
465 14 6
465 64 6
465 89 7
465 93 6
465 189 6
465 215 6
465 219 7
465 225 7
465 274 7
465 303 7
465 306 7
465 308 7
465 316 7
465 322 6
465 340 7
465 347 6
466 35 6
466 61 6
466 64 6
466 89 7
466 112 7
466 154 7
466 177 7
466 208 7
466 217 6
466 219 7
466 220 7
466 230 7
466 242 6
466 251 6
466 272 7
466 274 7
466 278 7
466 299 7
466 301 6
466 302 7
466 334 6
466 340 7
466 361 7
467 35 6
467 61 6
467 64 6
467 89 7
467 91 7
467 112 7
467 147 7
467 154 7
467 177 7
467 208 7
467 217 6
467 219 7
467 242 6
467 251 6
467 272 7
467 274 7
467 299 7
467 301 6
467 302 7
467 334 6
467 340 7
467 361 7
468 42 7
468 43 7
468 58 6
468 76 7
468 99 6
468 144 7
468 148 6
468 189 6
468 217 6
468 274 7
468 278 7
468 284 6
468 308 7
468 323 7
468 332 6
468 343 7
469 5 6
469 16 6
469 61 6
469 76 7
469 86 6
469 113 6
469 146 7
469 177 7
469 229 7
469 239 6
469 274 7
469 286 6
469 288 6
469 340 7
470 0 6
470 5 6
470 42 7
470 52 7
470 60 6
470 67 6
470 69 6
470 74 6
470 79 7
470 82 6
470 85 7
470 87 6
470 93 6
470 96 6
470 97 6
470 101 6
470 102 6
470 103 6
470 112 7
470 113 6
470 127 7
470 131 6
470 132 6
470 145 6
470 146 7
470 153 6
470 161 6
470 165 6
470 172 7
470 177 7
470 181 6
470 197 6
470 203 7
470 206 6
470 207 6
470 219 7
470 244 6
470 265 6
470 274 7
470 278 7
470 279 7
470 293 6
470 306 7
470 308 7
470 310 6
470 318 6
470 330 6
470 332 6
470 350 7
471 0 6
471 5 6
471 42 7
471 60 6
471 67 6
471 69 6
471 74 6
471 75 7
471 76 7
471 82 6
471 85 7
471 87 6
471 90 7
471 93 6
471 96 6
471 101 6
471 102 6
471 103 6
471 113 6
471 131 6
471 132 6
471 145 6
471 146 7
471 153 6
471 161 6
471 165 6
471 172 7
471 177 7
471 181 6
471 182 7
471 197 6
471 206 6
471 207 6
471 219 7
471 229 7
471 244 6
471 265 6
471 274 7
471 293 6
471 306 7
471 310 6
471 316 7
471 318 6
471 330 6
471 332 6
471 340 7
471 350 7
472 6 6
472 19 6
472 21 6
472 61 6
472 69 6
472 76 7
472 79 7
472 85 7
472 90 7
472 123 6
472 124 6
472 125 6
472 127 7
472 145 6
472 146 7
472 155 6
472 156 6
472 164 6
472 167 6
472 172 7
472 191 6
472 198 6
472 203 7
472 206 6
472 211 6
472 219 7
472 220 7
472 229 7
472 240 6
472 249 6
472 256 6
472 265 6
472 274 7
472 278 7
472 279 7
472 284 6
472 287 6
472 306 7
472 316 7
472 346 6
472 347 6
473 2 6
473 6 6
473 9 7
473 13 7
473 15 6
473 18 7
473 19 6
473 28 6
473 30 6
473 35 6
473 42 7
473 66 6
473 73 6
473 76 7
473 77 7
473 102 6
473 103 6
473 108 6
473 110 6
473 123 6
473 136 6
473 175 6
473 177 7
473 199 7
473 219 7
473 220 7
473 223 6
473 235 6
473 256 6
473 265 6
473 282 6
473 296 6
473 297 6
473 325 6
473 330 6
473 343 7
473 357 6
474 0 6
474 6 6
474 15 6
474 26 6
474 33 6
474 38 6
474 42 7
474 46 6
474 55 6
474 65 6
474 67 6
474 69 6
474 71 6
474 77 7
474 85 7
474 86 6
474 96 6
474 97 6
474 146 7
474 175 6
474 181 6
474 189 6
474 193 6
474 196 6
474 197 6
474 211 6
474 219 7
474 263 6
474 276 6
474 294 7
474 316 7
474 323 7
474 340 7
474 356 6
475 0 6
475 6 6
475 15 6
475 26 6
475 33 6
475 38 6
475 46 6
475 55 6
475 65 6
475 67 6
475 69 6
475 71 6
475 85 7
475 86 6
475 96 6
475 175 6
475 181 6
475 189 6
475 193 6
475 196 6
475 197 6
475 211 6
475 219 7
475 263 6
475 276 6
475 356 6
476 0 6
476 1 6
476 5 6
476 12 7
476 17 7
476 21 6
476 35 6
476 38 6
476 79 7
476 85 7
476 87 6
476 97 6
476 99 6
476 103 6
476 111 6
476 113 6
476 127 7
476 137 6
476 145 6
476 146 7
476 148 6
476 151 7
476 156 6
476 161 6
476 162 6
476 175 6
476 186 6
476 191 6
476 192 6
476 203 7
476 206 6
476 207 6
476 219 7
476 220 7
476 233 6
476 250 6
476 259 6
476 274 7
476 277 6
476 278 7
476 279 7
476 287 6
476 294 7
476 300 6
476 306 7
476 332 6
476 340 7
476 343 7
476 347 6
476 352 6
476 357 6
477 0 6
477 1 6
477 5 6
477 17 7
477 21 6
477 35 6
477 38 6
477 75 7
477 76 7
477 77 7
477 85 7
477 87 6
477 90 7
477 99 6
477 103 6
477 111 6
477 113 6
477 137 6
477 145 6
477 148 6
477 151 7
477 156 6
477 161 6
477 162 6
477 175 6
477 186 6
477 191 6
477 192 6
477 206 6
477 207 6
477 220 7
477 229 7
477 233 6
477 250 6
477 259 6
477 274 7
477 277 6
477 287 6
477 300 6
477 316 7
477 332 6
477 340 7
477 347 6
477 352 6
477 357 6
478 71 6
478 73 6
478 112 7
478 219 7
479 75 7
479 220 7
479 233 6
479 339 6
480 2 6
480 21 6
480 33 6
480 74 6
480 117 6
480 123 6
480 126 6
480 150 7
480 233 6
480 248 6
480 252 6
480 277 6
480 332 6
480 351 6
481 3 6
481 5 6
481 21 6
481 33 6
481 42 7
481 49 6
481 50 6
481 51 6
481 76 7
481 94 7
481 96 6
481 102 6
481 112 7
481 114 6
481 115 7
481 134 7
481 137 6
481 141 6
481 147 7
481 148 6
481 156 6
481 160 6
481 176 6
481 189 6
481 191 6
481 192 6
481 208 7
481 212 6
481 218 6
481 219 7
481 229 7
481 238 7
481 244 6
481 249 6
481 250 6
481 266 6
481 305 7
481 307 6
481 310 6
481 315 7
481 316 7
481 324 6
481 330 6
481 340 7
481 351 6
481 360 7
482 3 6
482 5 6
482 21 6
482 33 6
482 42 7
482 49 6
482 50 6
482 51 6
482 85 7
482 94 7
482 96 6
482 102 6
482 112 7
482 114 6
482 115 7
482 128 7
482 134 7
482 137 6
482 141 6
482 146 7
482 148 6
482 156 6
482 160 6
482 172 7
482 176 6
482 178 7
482 189 6
482 191 6
482 192 6
482 208 7
482 212 6
482 218 6
482 219 7
482 229 7
482 237 7
482 244 6
482 249 6
482 250 6
482 262 7
482 266 6
482 294 7
482 303 7
482 306 7
482 307 6
482 310 6
482 312 7
482 314 7
482 316 7
482 324 6
482 330 6
482 351 6
482 359 7
482 360 7
483 3 6
483 5 6
483 21 6
483 33 6
483 49 6
483 50 6
483 51 6
483 85 7
483 94 7
483 96 6
483 102 6
483 112 7
483 114 6
483 115 7
483 137 6
483 141 6
483 146 7
483 148 6
483 156 6
483 160 6
483 176 6
483 189 6
483 191 6
483 192 6
483 212 6
483 218 6
483 219 7
483 229 7
483 244 6
483 249 6
483 250 6
483 266 6
483 274 7
483 306 7
483 307 6
483 310 6
483 316 7
483 323 7
483 324 6
483 330 6
483 351 6
483 360 7
484 25 6
484 26 6
484 33 6
484 69 6
484 71 6
484 73 6
484 96 6
484 99 6
484 105 6
484 125 6
484 135 6
484 136 6
484 145 6
484 160 6
484 181 6
484 248 6
484 277 6
484 292 6
484 303 7
484 310 6
484 334 6
484 340 7
484 343 7
484 349 6
484 356 6
484 357 6
485 0 6
485 26 6
485 35 6
485 63 6
485 69 6
485 78 6
485 99 6
485 114 6
485 132 6
485 146 7
485 156 6
485 164 6
485 166 6
485 172 7
485 207 6
485 217 6
485 229 7
485 240 6
485 256 6
485 259 6
485 260 7
485 261 7
485 300 6
485 303 7
485 330 6
485 332 6
485 345 6
485 347 6
486 0 6
486 26 6
486 35 6
486 63 6
486 69 6
486 78 6
486 79 7
486 99 6
486 114 6
486 132 6
486 156 6
486 164 6
486 166 6
486 172 7
486 207 6
486 217 6
486 240 6
486 256 6
486 259 6
486 260 7
486 300 6
486 330 6
486 332 6
486 345 6
486 347 6
487 0 6
487 33 6
487 37 6
487 52 7
487 72 6
487 74 6
487 85 7
487 86 6
487 93 6
487 106 6
487 171 6
487 174 6
487 189 6
487 197 6
487 217 6
487 226 7
487 260 7
487 295 7
487 303 7
487 311 6
487 332 6
487 337 6
487 350 7
487 351 6
488 0 6
488 33 6
488 37 6
488 72 6
488 74 6
488 85 7
488 86 6
488 93 6
488 106 6
488 171 6
488 174 6
488 189 6
488 197 6
488 217 6
488 226 7
488 260 7
488 269 7
488 295 7
488 303 7
488 311 6
488 332 6
488 337 6
488 350 7
488 351 6
489 0 6
489 33 6
489 37 6
489 72 6
489 74 6
489 85 7
489 86 6
489 93 6
489 96 6
489 102 6
489 106 6
489 171 6
489 174 6
489 181 6
489 189 6
489 190 6
489 197 6
489 217 6
489 226 7
489 260 7
489 277 6
489 295 7
489 303 7
489 311 6
489 332 6
489 337 6
489 350 7
489 351 6
489 356 6
490 0 6
490 33 6
490 37 6
490 72 6
490 74 6
490 85 7
490 86 6
490 93 6
490 106 6
490 171 6
490 174 6
490 189 6
490 197 6
490 217 6
490 226 7
490 260 7
490 295 7
490 303 7
490 311 6
490 332 6
490 337 6
490 350 7
490 351 6
491 2 6
491 5 6
491 25 6
491 28 6
491 35 6
491 37 6
491 45 6
491 63 6
491 66 6
491 75 7
491 79 7
491 87 6
491 90 7
491 97 6
491 103 6
491 117 6
491 123 6
491 132 6
491 136 6
491 181 6
491 191 6
491 197 6
491 201 6
491 218 6
491 219 7
491 235 6
491 240 6
491 241 6
491 244 6
491 249 6
491 288 6
491 292 6
491 335 6
491 355 6
492 2 6
492 5 6
492 25 6
492 28 6
492 35 6
492 37 6
492 45 6
492 63 6
492 66 6
492 85 7
492 87 6
492 97 6
492 103 6
492 117 6
492 123 6
492 132 6
492 136 6
492 146 7
492 181 6
492 191 6
492 197 6
492 201 6
492 218 6
492 219 7
492 229 7
492 235 6
492 240 6
492 241 6
492 244 6
492 249 6
492 274 7
492 288 6
492 292 6
492 335 6
492 355 6
493 5 6
493 25 6
493 28 6
493 35 6
493 37 6
493 42 7
493 63 6
493 66 6
493 75 7
493 79 7
493 87 6
493 103 6
493 117 6
493 123 6
493 132 6
493 136 6
493 191 6
493 197 6
493 201 6
493 218 6
493 229 7
493 235 6
493 240 6
493 241 6
493 244 6
493 249 6
493 288 6
493 292 6
493 316 7
493 335 6
493 355 6
494 2 6
494 5 6
494 25 6
494 28 6
494 35 6
494 37 6
494 45 6
494 63 6
494 66 6
494 85 7
494 87 6
494 97 6
494 103 6
494 117 6
494 122 7
494 123 6
494 130 7
494 132 6
494 136 6
494 140 6
494 146 7
494 181 6
494 191 6
494 197 6
494 201 6
494 218 6
494 219 7
494 227 6
494 235 6
494 240 6
494 241 6
494 244 6
494 249 6
494 288 6
494 292 6
494 294 7
494 335 6
494 355 6
495 2 6
495 5 6
495 25 6
495 28 6
495 35 6
495 37 6
495 45 6
495 56 6
495 63 6
495 66 6
495 79 7
495 87 6
495 103 6
495 117 6
495 123 6
495 130 7
495 132 6
495 136 6
495 181 6
495 188 7
495 191 6
495 197 6
495 201 6
495 218 6
495 235 6
495 240 6
495 241 6
495 244 6
495 249 6
495 288 6
495 292 6
495 335 6
495 355 6
496 27 6
496 42 7
496 43 7
496 69 6
496 83 7
496 91 7
496 97 6
496 105 6
496 112 7
496 137 6
496 140 6
496 177 7
496 183 7
496 197 6
496 276 6
496 277 6
496 279 7
496 294 7
496 307 6
496 320 6
496 360 7
497 2 6
497 6 6
497 12 7
497 15 6
497 19 6
497 28 6
497 30 6
497 35 6
497 42 7
497 66 6
497 73 6
497 79 7
497 102 6
497 103 6
497 108 6
497 110 6
497 123 6
497 136 6
497 175 6
497 219 7
497 223 6
497 235 6
497 256 6
497 265 6
497 282 6
497 296 6
497 297 6
497 325 6
497 330 6
497 343 7
497 357 6
498 16 6
498 33 6
498 45 6
498 52 7
498 63 6
498 65 6
498 69 6
498 91 7
498 93 6
498 151 7
498 153 6
498 171 6
498 184 7
498 220 7
498 240 6
498 306 7
498 332 6
498 343 7
498 355 6
499 16 6
499 33 6
499 45 6
499 63 6
499 65 6
499 69 6
499 93 6
499 151 7
499 153 6
499 171 6
499 177 7
499 184 7
499 240 6
499 332 6
499 343 7
499 355 6
500 271 6
500 301 6
500 303 7
501 16 6
501 67 6
501 82 6
501 102 6
501 179 6
501 248 6
501 250 6
501 256 6
501 296 6
501 331 6
502 0 6
502 5 6
502 23 6
502 26 6
502 39 6
502 45 6
502 55 6
502 61 6
502 73 6
502 135 6
502 156 6
502 160 6
502 161 6
502 175 6
502 181 6
502 210 6
502 212 6
502 220 7
502 233 6
502 275 7
502 283 6
502 285 6
502 296 6
502 297 6
502 310 6
502 337 6
502 343 7
503 124 6
503 147 7
503 156 6
503 334 6
504 38 6
504 50 6
504 52 7
504 79 7
504 172 7
504 220 7
504 302 7
504 357 6
504 363 7
505 49 6
505 96 6
505 103 6
505 170 6
505 196 6
505 240 6
505 267 6
505 302 7
505 308 7
505 328 6
505 334 6
506 0 6
506 19 6
506 72 6
506 123 6
506 187 6
506 197 6
506 220 7
506 231 7
506 297 6
506 299 7
506 343 7
507 0 6
507 2 6
507 4 6
507 5 6
507 21 6
507 33 6
507 63 6
507 71 6
507 74 6
507 85 7
507 93 6
507 99 6
507 102 6
507 105 6
507 108 6
507 151 7
507 156 6
507 170 6
507 172 7
507 174 6
507 181 6
507 190 6
507 197 6
507 207 6
507 229 7
507 235 6
507 257 6
507 276 6
507 297 6
507 300 6
507 304 6
507 334 6
507 352 6
508 8 6
508 23 6
508 96 6
508 103 6
508 113 6
508 161 6
508 172 7
508 276 6
508 288 6
508 300 6
508 308 7
508 319 7
509 47 6
509 105 6
509 156 6
509 189 6
509 250 6
509 358 7
510 42 7
510 56 6
510 77 7
510 83 7
510 97 6
510 112 7
510 113 6
510 114 6
510 122 7
510 138 6
510 141 6
510 150 7
510 187 6
510 207 6
510 219 7
510 223 6
510 229 7
510 235 6
510 238 7
510 274 7
510 288 6
510 290 6
510 298 7
510 299 7
510 300 6
510 310 6
510 315 7
510 316 7
510 326 7
510 340 7
510 341 7
510 342 7
511 19 6
511 76 7
511 113 6
511 114 6
511 122 7
511 187 6
511 207 6
511 223 6
511 235 6
511 250 6
511 288 6
511 298 7
511 300 6
511 306 7
511 310 6
511 340 7
512 24 7
512 25 6
512 105 6
512 127 7
512 146 7
512 196 6
512 207 6
512 223 6
512 252 6
512 300 6
512 310 6
512 330 6
512 332 6
512 343 7
512 351 6
513 16 6
513 63 6
513 67 6
513 82 6
513 102 6
513 179 6
513 248 6
513 250 6
513 256 6
513 296 6
513 307 6
513 331 6
514 2 6
514 6 6
514 15 6
514 19 6
514 28 6
514 30 6
514 35 6
514 42 7
514 66 6
514 73 6
514 76 7
514 89 7
514 102 6
514 103 6
514 108 6
514 110 6
514 123 6
514 136 6
514 175 6
514 199 7
514 208 7
514 220 7
514 223 6
514 235 6
514 256 6
514 265 6
514 278 7
514 282 6
514 296 6
514 297 6
514 325 6
514 330 6
514 343 7
514 357 6
515 2 6
515 6 6
515 15 6
515 19 6
515 28 6
515 30 6
515 35 6
515 42 7
515 66 6
515 73 6
515 102 6
515 103 6
515 108 6
515 110 6
515 123 6
515 136 6
515 175 6
515 223 6
515 226 7
515 235 6
515 256 6
515 260 7
515 265 6
515 282 6
515 295 7
515 296 6
515 297 6
515 303 7
515 325 6
515 330 6
515 343 7
515 357 6
516 0 6
516 2 6
516 21 6
516 26 6
516 35 6
516 42 7
516 43 7
516 113 6
516 150 7
516 161 6
516 193 6
516 196 6
516 211 6
516 296 6
516 301 6
516 347 6
516 352 6
517 5 6
517 33 6
517 47 6
517 163 6
517 189 6
517 210 6
517 223 6
517 316 7
518 47 6
518 49 6
518 63 6
518 93 6
518 124 6
518 197 6
518 210 6
518 219 7
518 297 6
518 303 7
518 330 6
518 343 7
519 0 6
519 33 6
519 37 6
519 56 6
519 72 6
519 74 6
519 85 7
519 86 6
519 93 6
519 106 6
519 146 7
519 171 6
519 174 6
519 188 7
519 189 6
519 197 6
519 217 6
519 219 7
519 311 6
519 332 6
519 337 6
519 343 7
519 350 7
519 351 6
519 360 7
520 0 6
520 33 6
520 37 6
520 52 7
520 56 6
520 72 6
520 74 6
520 85 7
520 86 6
520 93 6
520 106 6
520 146 7
520 171 6
520 174 6
520 188 7
520 189 6
520 197 6
520 200 7
520 217 6
520 219 7
520 306 7
520 311 6
520 332 6
520 337 6
520 343 7
520 350 7
520 351 6
521 5 6
521 14 6
521 15 6
521 21 6
521 26 6
521 32 6
521 42 7
521 43 7
521 103 6
521 113 6
521 151 7
521 196 6
521 210 6
521 211 6
521 242 6
521 256 6
521 296 6
521 321 6
521 337 6
521 341 7
521 347 6
521 349 6
521 352 6
521 356 6
522 14 6
522 33 6
522 54 7
522 163 6
522 170 6
522 184 7
522 197 6
522 298 7
522 321 6
523 43 7
523 137 6
523 142 6
523 150 7
523 223 6
523 240 6
523 266 6
524 43 7
524 137 6
524 150 7
524 223 6
524 240 6
524 266 6
525 0 6
525 38 6
525 78 6
525 137 6
525 146 7
525 150 7
525 154 7
525 295 7
526 5 6
526 23 6
526 61 6
526 103 6
526 150 7
526 217 6
526 334 6
526 351 6
527 66 6
527 69 6
527 274 7
528 5 6
528 55 6
528 78 6
528 103 6
528 150 7
528 161 6
528 250 6
528 300 6
528 334 6
528 335 6
529 25 6
529 26 6
529 33 6
529 69 6
529 71 6
529 73 6
529 96 6
529 99 6
529 105 6
529 125 6
529 135 6
529 136 6
529 145 6
529 150 7
529 160 6
529 181 6
529 248 6
529 277 6
529 292 6
529 303 7
529 310 6
529 334 6
529 340 7
529 343 7
529 349 6
529 356 6
529 357 6
530 21 6
530 49 6
530 74 6
530 96 6
530 102 6
530 132 6
530 146 7
530 148 6
530 150 7
530 164 6
530 296 6
530 333 6
531 10 6
531 33 6
531 85 7
531 105 6
531 112 7
531 126 6
531 172 7
531 187 6
531 196 6
531 252 6
531 316 7
531 332 6
531 336 6
531 351 6
532 5 6
532 33 6
532 45 6
532 47 6
532 93 6
532 96 6
532 145 6
532 150 7
532 210 6
532 250 6
532 343 7
533 6 6
533 25 6
533 26 6
533 38 6
533 61 6
533 66 6
533 105 6
533 113 6
533 137 6
533 150 7
533 203 7
533 211 6
533 223 6
533 256 6
533 296 6
533 297 6
533 321 6
533 332 6
533 339 6
533 357 6
534 5 6
534 55 6
534 63 6
534 69 6
534 150 7
534 161 6
534 197 6
534 300 6
534 332 6
534 334 6
534 335 6
535 37 6
535 220 7
535 300 6
535 310 6
535 337 6
536 5 6
536 7 6
536 21 6
536 25 6
536 33 6
536 35 6
536 43 7
536 46 6
536 63 6
536 74 6
536 93 6
536 105 6
536 114 6
536 124 6
536 126 6
536 138 6
536 139 6
536 146 7
536 151 7
536 171 6
536 190 6
536 203 7
536 204 7
536 217 6
536 229 7
536 254 6
536 259 6
536 266 6
536 290 6
536 292 6
536 294 7
536 295 7
536 297 6
536 300 6
536 303 7
536 308 7
536 328 6
536 346 6
536 351 6
536 357 6
537 79 7
537 89 7
537 102 6
537 117 6
537 123 6
537 189 6
537 229 7
537 288 6
537 300 6
537 332 6
538 0 6
538 38 6
538 47 6
538 66 6
538 69 6
538 75 7
538 97 6
538 111 6
538 119 7
538 120 7
538 138 6
538 139 6
538 141 6
538 146 7
538 177 7
538 181 6
538 183 7
538 184 7
538 190 6
538 191 6
538 196 6
538 197 6
538 216 7
538 229 7
538 235 6
538 242 6
538 248 6
538 266 6
538 289 6
538 297 6
538 298 7
538 299 7
538 300 6
538 301 6
538 303 7
538 306 7
538 340 7
538 341 7
538 342 7
538 343 7
538 347 6
538 351 6
538 363 7
539 0 6
539 26 6
539 35 6
539 63 6
539 69 6
539 78 6
539 99 6
539 114 6
539 132 6
539 156 6
539 164 6
539 166 6
539 172 7
539 207 6
539 217 6
539 220 7
539 240 6
539 256 6
539 259 6
539 300 6
539 330 6
539 332 6
539 345 6
539 347 6
540 103 6
540 127 7
541 2 6
541 203 7
541 223 6
541 235 6
541 294 7
541 307 6
542 33 6
542 65 6
542 66 6
542 74 6
542 87 6
542 93 6
542 124 6
542 184 7
542 201 6
542 229 7
542 242 6
542 277 6
542 325 6
542 332 6
542 337 6
543 19 6
543 76 7
543 113 6
543 114 6
543 187 6
543 207 6
543 223 6
543 235 6
543 250 6
543 270 6
543 288 6
543 300 6
543 310 6
544 19 6
544 76 7
544 113 6
544 114 6
544 187 6
544 207 6
544 223 6
544 235 6
544 250 6
544 270 6
544 288 6
544 300 6
544 310 6
545 5 6
545 25 6
545 66 6
545 76 7
545 146 7
545 181 6
545 300 6
545 318 6
545 333 6
545 351 6
546 0 6
546 26 6
546 63 6
546 69 6
546 78 6
546 99 6
546 114 6
546 132 6
546 146 7
546 156 6
546 164 6
546 166 6
546 240 6
546 259 6
546 260 7
546 261 7
546 332 6
546 345 6
546 347 6
547 45 6
547 50 6
547 69 6
547 79 7
547 93 6
547 96 6
547 105 6
547 113 6
547 176 6
547 197 6
547 232 6
547 259 6
547 287 6
547 293 6
547 294 7
547 310 6
547 328 6
547 332 6
547 352 6
547 357 6
548 223 6
548 250 6
548 256 6
548 282 6
548 304 6
548 348 7
549 93 6
549 150 7
549 164 6
549 172 7
549 211 6
549 224 6
549 250 6
549 299 7
549 332 6
549 334 6
550 38 6
550 45 6
550 61 6
550 69 6
550 102 6
550 216 7
551 297 6
552 150 7
552 297 6
553 121 7
553 250 6
554 21 6
554 38 6
554 47 6
554 62 6
554 96 6
554 103 6
554 105 6
554 125 6
554 148 6
554 172 7
554 176 6
554 197 6
554 298 7
554 301 6
554 334 6
554 356 6
554 357 6
555 17 7
555 25 6
555 26 6
555 33 6
555 61 6
555 62 6
555 69 6
555 102 6
555 105 6
555 148 6
555 150 7
555 189 6
555 229 7
555 263 6
555 294 7
555 295 7
556 2 6
556 23 6
556 25 6
556 28 6
556 37 6
556 45 6
556 63 6
556 66 6
556 68 6
556 87 6
556 105 6
556 148 6
556 150 7
556 181 6
556 184 7
556 211 6
556 235 6
556 251 6
556 259 6
556 300 6
556 301 6
556 307 6
556 330 6
556 335 6
557 35 6
557 64 6
557 69 6
557 118 7
557 148 6
557 150 7
557 276 6
557 332 6
557 339 6
558 5 6
558 7 6
558 21 6
558 25 6
558 33 6
558 35 6
558 46 6
558 63 6
558 74 6
558 89 7
558 93 6
558 105 6
558 114 6
558 124 6
558 126 6
558 146 7
558 151 7
558 171 6
558 190 6
558 217 6
558 219 7
558 254 6
558 259 6
558 266 6
558 292 6
558 297 6
558 300 6
558 328 6
558 346 6
558 351 6
558 357 6
559 37 6
560 148 6
560 187 6
560 229 7
560 250 6
560 277 6
560 332 6
560 340 7
561 33 6
561 35 6
561 43 7
561 46 6
561 105 6
561 114 6
561 138 6
561 139 6
561 203 7
561 204 7
561 229 7
561 254 6
561 274 7
561 290 6
561 294 7
561 295 7
561 297 6
562 25 6
562 340 7
563 21 6
563 32 6
563 33 6
563 38 6
563 45 6
563 63 6
563 65 6
563 93 6
563 106 6
563 145 6
563 155 6
563 165 6
563 191 6
563 194 7
563 198 6
563 212 6
563 223 6
563 229 7
563 240 6
563 251 6
563 256 6
563 277 6
563 287 6
563 310 6
563 317 7
563 337 6
563 340 7
563 350 7
564 0 6
564 5 6
564 33 6
564 37 6
564 65 6
564 69 6
564 76 7
564 85 7
564 93 6
564 96 6
564 99 6
564 124 6
564 132 6
564 172 7
564 174 6
564 181 6
564 189 6
564 197 6
564 212 6
564 266 6
564 276 6
564 296 6
564 297 6
564 311 6
564 325 6
564 332 6
564 335 6
564 337 6
564 340 7
564 343 7
564 351 6
565 0 6
565 33 6
565 37 6
565 72 6
565 74 6
565 85 7
565 86 6
565 93 6
565 106 6
565 171 6
565 174 6
565 189 6
565 197 6
565 217 6
565 311 6
565 316 7
565 332 6
565 337 6
565 350 7
565 351 6
566 12 7
566 93 6
566 150 7
566 299 7
566 334 6
567 28 6
567 43 7
567 69 6
567 100 6
567 102 6
567 156 6
567 172 7
567 223 6
567 258 7
567 337 6
568 26 6
568 38 6
568 58 6
568 63 6
568 64 6
568 117 6
568 133 6
568 150 7
568 161 6
568 163 6
568 251 6
568 297 6
568 300 6
568 334 6
568 343 7
568 345 6
569 296 6
569 297 6
569 301 6
569 330 6
570 17 7
570 105 6
570 156 6
570 169 6
570 184 7
570 197 6
570 242 6
570 281 6
570 297 6
570 303 7
570 310 6
570 330 6
570 331 6
570 332 6
570 333 6
570 340 7
571 0 6
571 19 6
571 25 6
571 33 6
571 35 6
571 45 6
571 47 6
571 78 6
571 111 6
571 113 6
571 132 6
571 135 6
571 153 6
571 163 6
571 164 6
571 197 6
571 207 6
571 233 6
571 240 6
571 262 7
571 299 7
571 300 6
571 312 7
571 334 6
571 351 6
572 6 6
572 14 6
572 21 6
572 42 7
572 43 7
572 62 6
572 69 6
572 71 6
572 93 6
572 101 6
572 150 7
572 156 6
572 181 6
572 243 6
572 250 6
572 256 6
572 289 6
572 299 7
572 301 6
572 310 6
572 330 6
572 332 6
572 340 7
572 351 6
572 352 6
573 150 7
573 153 6
573 161 6
573 337 6
574 2 6
574 21 6
574 23 6
574 57 6
574 76 7
574 77 7
574 89 7
574 90 7
574 150 7
574 169 6
574 189 6
574 219 7
574 220 7
574 274 7
574 277 6
574 282 6
574 303 7
574 311 6
574 315 7
574 332 6
574 340 7
575 70 7
575 73 6
576 0 6
576 5 6
576 28 6
576 102 6
576 150 7
576 223 6
576 310 6
576 357 6
577 0 6
577 116 6
577 137 6
577 156 6
577 168 6
577 220 7
577 224 6
577 233 6
577 296 6
577 331 6
578 50 6
579 33 6
579 38 6
579 74 6
579 85 7
579 96 6
579 112 7
579 274 7
579 286 6
580 0 6
580 5 6
580 21 6
580 38 6
580 48 6
580 52 7
580 69 6
580 85 7
580 87 6
580 96 6
580 97 6
580 102 6
580 124 6
580 125 6
580 136 6
580 145 6
580 161 6
580 172 7
580 184 7
580 197 6
580 210 6
580 219 7
580 220 7
580 223 6
580 229 7
580 240 6
580 243 6
580 248 6
580 249 6
580 251 6
580 264 7
580 275 7
580 277 6
580 289 6
580 303 7
580 331 6
580 332 6
580 335 6
580 340 7
580 360 7
581 2 6
581 6 6
581 12 7
581 15 6
581 19 6
581 28 6
581 30 6
581 35 6
581 42 7
581 43 7
581 66 6
581 73 6
581 76 7
581 77 7
581 83 7
581 89 7
581 102 6
581 103 6
581 108 6
581 110 6
581 123 6
581 136 6
581 143 7
581 175 6
581 199 7
581 208 7
581 219 7
581 220 7
581 223 6
581 226 7
581 234 7
581 235 6
581 256 6
581 265 6
581 274 7
581 278 7
581 282 6
581 294 7
581 296 6
581 297 6
581 306 7
581 308 7
581 313 7
581 316 7
581 325 6
581 329 7
581 330 6
581 338 7
581 340 7
581 343 7
581 357 6
582 2 6
582 6 6
582 15 6
582 19 6
582 28 6
582 30 6
582 35 6
582 42 7
582 66 6
582 73 6
582 79 7
582 102 6
582 103 6
582 108 6
582 110 6
582 123 6
582 136 6
582 175 6
582 203 7
582 208 7
582 220 7
582 223 6
582 235 6
582 256 6
582 265 6
582 282 6
582 296 6
582 297 6
582 325 6
582 330 6
582 343 7
582 357 6
583 0 6
583 5 6
583 9 7
583 13 7
583 18 7
583 33 6
583 37 6
583 65 6
583 69 6
583 76 7
583 85 7
583 93 6
583 96 6
583 99 6
583 124 6
583 132 6
583 172 7
583 174 6
583 177 7
583 181 6
583 189 6
583 197 6
583 199 7
583 212 6
583 219 7
583 220 7
583 266 6
583 276 6
583 296 6
583 297 6
583 311 6
583 325 6
583 332 6
583 335 6
583 337 6
583 343 7
583 351 6
584 0 6
584 15 6
584 33 6
584 56 6
584 57 6
584 63 6
584 65 6
584 79 7
584 85 7
584 91 7
584 96 6
584 103 6
584 107 6
584 111 6
584 123 6
584 137 6
584 139 6
584 140 6
584 146 7
584 150 7
584 159 7
584 183 7
584 188 7
584 214 6
584 220 7
584 254 6
584 256 6
584 274 7
584 284 6
584 287 6
584 289 6
584 295 7
584 297 6
584 303 7
584 313 7
584 316 7
584 335 6
584 343 7
585 12 7
585 89 7
585 136 6
585 151 7
585 170 6
586 29 6
586 79 7
586 136 6
586 170 6
586 274 7
