587 7170
ABCA1	Gene
ACTA2	Gene
ACTC1	Gene
ADA	Gene
ADAMTS1	Gene
ADAMTS5	Gene
ADM	Gene
ADRB2	Gene
AFP	Gene
AHR	TF
ANPEP	Gene
APEX1	TF
AR	TF
ARNT	TF
ASCL1	Gene
ASPN	Gene
ASS1	Gene
ATF3	TF
ATF4	TF
AXL	Gene
BAALC	Gene
BACE1	Gene
BAG3	Gene
BCL2L1	Gene
BCL6	TF
BDNF	Gene
BHLHE40	Gene
BMI1	TF
BMP7	Gene
BRCA1	TF
CACNA1H	Gene
CAV1	Gene
CCL2	Gene
CCND2	Gene
CD151	Gene
CD2AP	Gene
CD44	Gene
CDCA7	Gene
CDH11	Gene
CDH3	Gene
CDX1	TF
CDX2	TF
CEBPA	TF
CEBPB	TF
CEBPD	TF
CELSR3	Gene
CHAC1	Gene
CITED2	Gene
COL18A1	Gene
COL1A1	Gene
COL3A1	Gene
COL7A1	Gene
CREB1	TF
CREBBP	TF
CTCF	TF
CTGF	Gene
CTNNB1	TF
CTSB	Gene
CTSV	Gene
CUX1	TF
CXCL12	Gene
CXCR5	Gene
CYFIP2	Gene
CYLD	Gene
CYR61	Gene
DAB2	Gene
DACT1	Gene
DAPK1	Gene
DBI	Gene
DCBLD2	Gene
DDIT3	TF
DDR2	Gene
DKK1	Gene
DKK3	Gene
DNAJB4	Gene
DNMT1	TF
E2F1	TF
E2F3	TF
EDN1	Gene
EGR1	TF
EGR2	TF
EGR3	TF
ELF4	Gene
ELK1	TF
EP300	TF
EPAS1	TF
EPHA2	Gene
EPHB2	Gene
ERG	TF
ESR1	TF
ESR2	TF
ETS1	TF
ETS2	TF
ETV1	Gene
ETV4	TF
ETV5	TF
EXT1	Gene
EZH2	TF
F2R	Gene
F3	Gene
F8	Gene
FAS	Gene
FBN1	Gene
FBXO32	Gene
FDFT1	Gene
FGF7	Gene
FGL2	Gene
FHL1	Gene
FHL2	Gene
FLI1	TF
FMN2	Gene
FN1	Gene
FOS	TF
FOSB	Gene
FOSL1	Gene
FOXA2	TF
FOXC2	Gene
FOXD1	Gene
FOXD3	TF
FOXF2	TF
FOXM1	TF
FOXO1	TF
FOXO3	TF
FST	Gene
FURIN	Gene
GAD1	Gene
GADD45G	Gene
GATA1	TF
GATA3	TF
GATA4	TF
GATA6	TF
GBP1	Gene
GJA1	Gene
GJB1	Gene
GLI1	TF
GLS	Gene
GRHL1	Gene
HBEGF	Gene
HDAC1	TF
HDAC2	TF
HDAC3	TF
HDAC4	TF
HDAC9	TF
HES1	TF
HEY1	TF
HIC1	Gene
HIF1A	TF
HMGA1	TF
HMGCS1	Gene
HNF1A	TF
HNF4A	TF
HOXA10	TF
HOXA9	TF
HOXB4	Gene
HOXB7	TF
HRH1	Gene
HRK	Gene
HSD17B2	Gene
HSF1	TF
HSF2	TF
ID1	Gene
ID4	Gene
IER3	Gene
IGFBP4	Gene
IGFBP5	Gene
IL11	Gene
IL15	Gene
IL1R1	Gene
IL6	Gene
ILF3	TF
INSM1	Gene
IRAK2	Gene
IRF1	TF
IRF3	TF
IRF9	Gene
ITGA5	Gene
ITGB1	Gene
JUN	TF
JUND	TF
KCTD11	Gene
KDM2A	TF
KLF10	Gene
KLF2	TF
KLF4	TF
KLF5	TF
KLF8	TF
LAPTM4B	Gene
LDHA	Gene
LEF1	TF
LIF	Gene
LMO7	Gene
LOX	Gene
LPL	Gene
LTBP1	Gene
MAFB	TF
MAP1LC3A	Gene
MAP2	Gene
MAP3K1	Gene
MAPK7	Gene
MAX	TF
MBD2	TF
ME1	Gene
MECP2	TF
MEF2A	TF
MEF2C	TF
MEIS1	TF
MEN1	TF
MET	Gene
MITF	TF
MKL1	TF
MME	Gene
MMP14	Gene
MMP2	Gene
MSC	Gene
MT1E	Gene
MTA1	TF
MYB	TF
MYBL1	Gene
MYBL2	Gene
MYC	TF
MYCN	TF
MYD88	Gene
MYH11	Gene
MYH9	Gene
MYL9	Gene
MYOD1	TF
NANOG	TF
NCOR1	TF
NF1	TF
NFKB1	TF
NFKB2	TF
NFYA	TF
NGF	Gene
NGFR	Gene
NKX2-5	TF
NOTCH1	Gene
NR1H2	TF
NR1H3	TF
NR1H4	TF
NR4A1	Gene
NRP1	Gene
NT5E	Gene
NTF3	Gene
OPTN	Gene
OXTR	Gene
PAX5	TF
PAX6	TF
PBX1	TF
PCSK2	Gene
PDGFRB	Gene
PEG10	Gene
PEG3	Gene
PERP	Gene
PITX2	TF
PLAGL1	Gene
PLAU	Gene
PMEPA1	Gene
POSTN	Gene
POU2F1	TF
POU3F2	Gene
POU5F1	TF
PPARA	TF
PPARG	TF
PPP2R2B	Gene
PROX1	TF
PTGER4	Gene
PTHLH	Gene
PTN	Gene
PTPRZ1	Gene
RARA	TF
RB1	TF
RBM38	Gene
RBPJ	TF
REL	TF
RELA	TF
REST	TF
RGS4	Gene
RNF144A	Gene
RUNX1	TF
RUNX2	TF
RXRA	TF
S100A10	Gene
S100A2	Gene
S100B	Gene
SCARB1	Gene
SCG3	Gene
SDC4	Gene
SEMA6A	Gene
SERPINE1	Gene
SHC1	Gene
SIRT1	TF
SIX1	TF
SKIL	Gene
SLC1A3	Gene
SMAD3	TF
SMAD4	TF
SMAD6	Gene
SMAD7	Gene
SNAI1	TF
SNAI2	TF
SNAP25	Gene
SOX1	Gene
SOX10	TF
SOX2	TF
SOX3	Gene
SOX9	TF
SP1	TF
SPARC	Gene
SPI1	TF
SPP1	Gene
SPRY1	Gene
SQSTM1	Gene
SREBF1	TF
SREBF2	TF
SRF	TF
STAT1	TF
STAT3	TF
STAT4	TF
STAT5A	Gene
STAT6	TF
SUZ12	TF
SYP	Gene
TAGLN	Gene
TAL1	TF
TBX21	Gene
TBX3	Gene
TCF4	TF
TCF7L2	TF
TERT	Gene
TFAP2A	TF
TGFB2	Gene
TGFBI	Gene
TGFBR2	Gene
THBD	Gene
THBS1	Gene
THBS2	Gene
TLR3	Gene
TLR4	Gene
TLX1	TF
TMEM158	Gene
TP53	TF
TP63	TF
TP73	TF
TWIST1	TF
TYMS	Gene
UBB	Gene
UCP2	Gene
UGCG	Gene
USF1	TF
VCAM1	Gene
VDR	TF
VEGFA	Gene
VEGFC	Gene
VGF	Gene
VHL	TF
VIM	Gene
WNT5A	Gene
WWC1	Gene
XBP1	TF
YBX1	TF
YY1	TF
ZBTB16	TF
ZBTB7A	TF
ZEB2	TF
hsa-let-7a	miRNA
hsa-let-7b	miRNA
hsa-let-7c	miRNA
hsa-let-7d	miRNA
hsa-let-7e	miRNA
hsa-let-7f	miRNA
hsa-let-7g	miRNA
hsa-let-7i	miRNA
hsa-miR-1	miRNA
hsa-miR-100	miRNA
hsa-miR-101	miRNA
hsa-miR-103	miRNA
hsa-miR-106a	miRNA
hsa-miR-106b	miRNA
hsa-miR-107	miRNA
hsa-miR-10a	miRNA
hsa-miR-10b	miRNA
hsa-miR-1193	miRNA
hsa-miR-1197	miRNA
hsa-miR-122	miRNA
hsa-miR-124	miRNA
hsa-miR-1251	miRNA
hsa-miR-125a	miRNA
hsa-miR-125b	miRNA
hsa-miR-126	miRNA
hsa-miR-1271	miRNA
hsa-miR-128	miRNA
hsa-miR-129	miRNA
hsa-miR-130a	miRNA
hsa-miR-130b	miRNA
hsa-miR-132	miRNA
hsa-miR-133a	miRNA
hsa-miR-133b	miRNA
hsa-miR-134	miRNA
hsa-miR-135a	miRNA
hsa-miR-135b	miRNA
hsa-miR-136	miRNA
hsa-miR-137	miRNA
hsa-miR-138	miRNA
hsa-miR-139	miRNA
hsa-miR-140	miRNA
hsa-miR-141	miRNA
hsa-miR-142	miRNA
hsa-miR-143	miRNA
hsa-miR-144	miRNA
hsa-miR-145	miRNA
hsa-miR-146a	miRNA
hsa-miR-146b	miRNA
hsa-miR-148a	miRNA
hsa-miR-148b	miRNA
hsa-miR-149	miRNA
hsa-miR-150	miRNA
hsa-miR-151a	miRNA
hsa-miR-152	miRNA
hsa-miR-154	miRNA
hsa-miR-155	miRNA
hsa-miR-15a	miRNA
hsa-miR-15b	miRNA
hsa-miR-16	miRNA
hsa-miR-17	miRNA
hsa-miR-181a	miRNA
hsa-miR-181b	miRNA
hsa-miR-181c	miRNA
hsa-miR-181d	miRNA
hsa-miR-182	miRNA
hsa-miR-183	miRNA
hsa-miR-185	miRNA
hsa-miR-188	miRNA
hsa-miR-18a	miRNA
hsa-miR-18b	miRNA
hsa-miR-190a	miRNA
hsa-miR-191	miRNA
hsa-miR-192	miRNA
hsa-miR-193a	miRNA
hsa-miR-193b	miRNA
hsa-miR-194	miRNA
hsa-miR-195	miRNA
hsa-miR-196a	miRNA
hsa-miR-196b	miRNA
hsa-miR-199a	miRNA
hsa-miR-19a	miRNA
hsa-miR-19b	miRNA
hsa-miR-200a	miRNA
hsa-miR-200b	miRNA
hsa-miR-200c	miRNA
hsa-miR-202	miRNA
hsa-miR-203	miRNA
hsa-miR-204	miRNA
hsa-miR-205	miRNA
hsa-miR-206	miRNA
hsa-miR-20a	miRNA
hsa-miR-20b	miRNA
hsa-miR-21	miRNA
hsa-miR-210	miRNA
hsa-miR-212	miRNA
hsa-miR-214	miRNA
hsa-miR-215	miRNA
hsa-miR-216a	miRNA
hsa-miR-217	miRNA
hsa-miR-218	miRNA
hsa-miR-219a	miRNA
hsa-miR-22	miRNA
hsa-miR-221	miRNA
hsa-miR-222	miRNA
hsa-miR-223	miRNA
hsa-miR-224	miRNA
hsa-miR-23a	miRNA
hsa-miR-23b	miRNA
hsa-miR-24	miRNA
hsa-miR-25	miRNA
hsa-miR-26a	miRNA
hsa-miR-26b	miRNA
hsa-miR-27a	miRNA
hsa-miR-27b	miRNA
hsa-miR-28	miRNA
hsa-miR-296	miRNA
hsa-miR-299	miRNA
hsa-miR-29a	miRNA
hsa-miR-29b	miRNA
hsa-miR-29c	miRNA
hsa-miR-300	miRNA
hsa-miR-301a	miRNA
hsa-miR-301b	miRNA
hsa-miR-302a	miRNA
hsa-miR-302b	miRNA
hsa-miR-302c	miRNA
hsa-miR-302d	miRNA
hsa-miR-30a	miRNA
hsa-miR-30b	miRNA
hsa-miR-30c	miRNA
hsa-miR-30d	miRNA
hsa-miR-30e	miRNA
hsa-miR-31	miRNA
hsa-miR-32	miRNA
hsa-miR-320a	miRNA
hsa-miR-320b	miRNA
hsa-miR-324	miRNA
hsa-miR-329	miRNA
hsa-miR-330	miRNA
hsa-miR-331	miRNA
hsa-miR-335	miRNA
hsa-miR-338	miRNA
hsa-miR-33a	miRNA
hsa-miR-340	miRNA
hsa-miR-342	miRNA
hsa-miR-346	miRNA
hsa-miR-34a	miRNA
hsa-miR-34c	miRNA
hsa-miR-361	miRNA
hsa-miR-362	miRNA
hsa-miR-363	miRNA
hsa-miR-367	miRNA
hsa-miR-369	miRNA
hsa-miR-370	miRNA
hsa-miR-371a	miRNA
hsa-miR-372	miRNA
hsa-miR-373	miRNA
hsa-miR-374a	miRNA
hsa-miR-375	miRNA
hsa-miR-376a	miRNA
hsa-miR-376b	miRNA
hsa-miR-376c	miRNA
hsa-miR-377	miRNA
hsa-miR-378a	miRNA
hsa-miR-379	miRNA
hsa-miR-381	miRNA
hsa-miR-382	miRNA
hsa-miR-383	miRNA
hsa-miR-409	miRNA
hsa-miR-410	miRNA
hsa-miR-411	miRNA
hsa-miR-421	miRNA
hsa-miR-424	miRNA
hsa-miR-425	miRNA
hsa-miR-429	miRNA
hsa-miR-4295	miRNA
hsa-miR-431	miRNA
hsa-miR-433	miRNA
hsa-miR-448	miRNA
hsa-miR-449a	miRNA
hsa-miR-449b	miRNA
hsa-miR-452	miRNA
hsa-miR-454	miRNA
hsa-miR-455	miRNA
hsa-miR-483	miRNA
hsa-miR-485	miRNA
hsa-miR-486	miRNA
hsa-miR-487	miRNA
hsa-miR-487a	miRNA
hsa-miR-491	miRNA
hsa-miR-493	miRNA
hsa-miR-494	miRNA
hsa-miR-495	miRNA
hsa-miR-496	miRNA
hsa-miR-497	miRNA
hsa-miR-499a	miRNA
hsa-miR-502	miRNA
hsa-miR-503	miRNA
hsa-miR-504	miRNA
hsa-miR-506	miRNA
hsa-miR-519d	miRNA
hsa-miR-520d	miRNA
hsa-miR-539	miRNA
hsa-miR-542	miRNA
hsa-miR-543	miRNA
hsa-miR-544	miRNA
hsa-miR-590	miRNA
hsa-miR-613	miRNA
hsa-miR-655	miRNA
hsa-miR-668	miRNA
hsa-miR-7	miRNA
hsa-miR-708	miRNA
hsa-miR-758	miRNA
hsa-miR-760	miRNA
hsa-miR-767	miRNA
hsa-miR-802	miRNA
hsa-miR-9	miRNA
hsa-miR-92a	miRNA
hsa-miR-92b	miRNA
hsa-miR-93	miRNA
hsa-miR-96	miRNA
hsa-miR-99a	miRNA
hsa-miR-99b	miRNA
9 13 1
9 29 1
9 112 1
9 168 0
9 219 1
9 377 2
11 32 0
11 229 1
11 274 1
11 396 2
12 38 0
12 56 1
12 84 1
12 93 0
12 111 0
12 177 1
12 184 1
12 219 1
12 229 1
12 256 0
12 274 1
12 275 1
12 327 1
12 351 0
12 355 0
12 364 2
12 366 2
12 374 2
12 396 2
12 409 2
12 423 2
12 428 2
12 432 2
12 434 2
12 444 2
12 454 2
12 456 2
12 461 2
12 476 2
12 497 2
12 566 2
12 581 2
12 585 2
13 9 1
13 26 0
13 29 1
13 89 1
13 112 1
13 125 0
13 146 1
13 177 1
13 351 0
13 374 2
13 377 2
13 473 2
13 583 2
14 72 0
17 70 1
17 160 0
17 212 0
17 340 1
17 570 2
18 17 1
18 32 0
18 43 1
18 46 0
18 70 1
18 71 0
18 156 0
18 168 0
18 255 0
18 290 1
18 351 0
18 377 2
18 473 2
18 583 2
24 23 0
24 33 0
24 219 1
24 229 1
24 316 1
24 358 1
24 419 2
24 512 2
27 328 0
27 371 2
27 405 2
27 448 2
27 496 2
29 39 0
29 70 1
29 79 1
29 84 1
29 89 1
29 112 1
29 116 0
29 123 0
29 146 1
29 174 0
29 219 1
29 282 0
29 290 1
29 315 1
29 316 1
29 341 1
29 351 0
29 410 2
29 411 2
29 417 2
29 419 2
29 452 2
29 586 2
40 257 0
40 262 1
40 460 2
41 183 1
41 306 1
41 350 1
41 387 2
42 8 0
42 32 0
42 111 0
42 160 0
42 168 0
42 219 1
42 308 1
42 309 0
42 316 1
42 373 2
42 383 2
42 397 2
42 424 2
42 428 2
42 468 2
42 474 2
42 481 2
42 482 2
42 510 2
43 6 0
43 23 0
43 67 0
43 70 1
43 100 0
43 124 0
43 126 0
43 158 1
43 168 0
43 244 0
43 358 1
43 407 2
43 409 2
43 411 2
43 423 2
43 426 2
43 432 2
43 444 2
43 450 2
43 454 2
43 468 2
43 496 2
43 536 2
43 561 2
43 567 2
43 581 2
44 70 1
44 126 0
44 260 1
44 262 1
44 398 2
44 438 2
49 50 5
52 12 1
52 25 0
52 112 1
52 168 0
52 177 1
52 186 0
52 208 1
52 212 0
52 228 1
52 255 0
52 263 0
52 296 0
52 298 1
52 299 1
52 305 1
52 394 2
52 412 2
52 421 2
52 456 2
52 458 2
52 470 2
52 487 2
52 498 2
52 504 2
52 520 2
52 580 2
53 29 1
53 52 1
53 84 1
53 97 1
53 151 1
53 152 1
53 170 0
53 172 1
53 261 1
53 269 1
53 340 1
53 456 2
54 24 1
54 29 1
54 45 0
54 171 0
54 219 1
54 226 1
54 228 1
54 246 1
54 328 0
54 522 2
56 12 1
56 36 0
56 123 0
56 177 1
56 211 0
56 219 1
56 270 1
56 355 0
56 384 2
56 410 2
56 415 2
56 428 2
56 429 2
56 443 2
56 450 2
56 495 2
56 510 2
56 519 2
56 520 2
56 584 2
59 356 0
59 459 2
70 42 1
70 168 0
70 290 1
70 575 2
75 89 1
75 125 0
75 138 1
75 200 1
75 270 1
75 328 0
75 340 1
75 351 0
75 406 2
75 412 2
75 415 2
75 417 2
75 446 2
75 447 2
75 463 2
75 471 2
75 477 2
75 479 2
75 491 2
75 493 2
75 538 2
76 12 1
76 27 1
76 29 1
76 35 0
76 37 0
76 53 1
76 58 0
76 59 1
76 70 1
76 75 1
76 94 1
76 110 0
76 120 1
76 145 0
76 147 1
76 173 1
76 195 0
76 216 1
76 218 0
76 219 1
76 220 1
76 250 0
76 262 1
76 270 1
76 271 0
76 288 0
76 328 0
76 334 0
76 336 0
76 340 1
76 342 1
76 344 0
76 351 0
76 364 2
76 371 2
76 376 2
76 377 2
76 420 2
76 421 2
76 422 2
76 423 2
76 432 2
76 433 2
76 440 2
76 444 2
76 445 2
76 449 2
76 450 2
76 454 2
76 455 2
76 468 2
76 469 2
76 471 2
76 473 2
76 477 2
76 481 2
76 511 2
76 514 2
76 543 2
76 544 2
76 545 2
76 564 2
76 574 2
76 581 2
76 583 2
77 59 1
77 351 0
77 364 2
77 371 2
77 377 2
77 420 2
77 421 2
77 422 2
77 423 2
77 432 2
77 440 2
77 444 2
77 447 2
77 454 2
77 473 2
77 474 2
77 477 2
77 510 2
77 574 2
77 581 2
79 12 1
79 17 1
79 30 0
79 33 0
79 84 1
79 99 0
79 101 0
79 111 0
79 146 1
79 168 0
79 211 0
79 216 1
79 229 1
79 248 0
79 255 0
79 262 1
79 310 0
79 326 1
79 332 0
79 340 1
79 342 1
79 351 0
79 368 2
79 376 2
79 379 2
79 384 2
79 386 2
79 393 2
79 394 2
79 406 2
79 411 2
79 412 2
79 414 2
79 417 2
79 426 2
79 427 2
79 429 2
79 430 2
79 435 2
79 447 2
79 455 2
79 458 2
79 459 2
79 464 2
79 470 2
79 476 2
79 486 2
79 491 2
79 493 2
79 495 2
79 497 2
79 504 2
79 537 2
79 547 2
79 582 2
79 584 2
79 586 2
80 133 0
80 168 0
80 189 0
80 406 2
81 310 0
81 410 2
81 411 2
81 440 2
82 340 1
83 47 0
83 97 1
83 112 1
83 114 0
83 268 0
83 314 1
83 408 2
83 423 2
83 432 2
83 444 2
83 447 2
83 454 2
83 457 2
83 496 2
83 510 2
83 581 2
84 29 1
84 53 1
84 75 1
84 97 1
84 168 0
84 219 1
84 229 1
84 238 1
84 274 1
84 333 0
84 342 1
84 349 0
84 351 0
84 360 1
84 405 2
84 415 2
84 448 2
84 456 2
85 211 0
85 213 0
85 268 0
85 288 0
85 351 0
85 410 2
85 426 2
85 435 2
85 457 2
85 470 2
85 472 2
85 476 2
85 483 2
85 492 2
85 494 2
88 4 0
88 309 0
88 355 0
88 448 2
89 9 1
89 12 1
89 29 1
89 43 1
89 56 1
89 60 0
89 76 1
89 112 1
89 177 1
89 219 1
89 269 1
89 279 1
89 288 0
89 306 1
89 328 0
89 340 1
89 344 0
89 351 0
89 366 2
89 376 2
89 387 2
89 404 2
89 407 2
89 409 2
89 423 2
89 424 2
89 432 2
89 433 2
89 435 2
89 444 2
89 445 2
89 454 2
89 455 2
89 456 2
89 465 2
89 466 2
89 467 2
89 514 2
89 537 2
89 558 2
89 574 2
89 581 2
89 585 2
90 112 1
90 177 1
90 288 0
90 328 0
90 351 0
90 471 2
90 477 2
90 491 2
90 574 2
91 10 0
91 49 0
91 55 0
91 57 0
91 79 1
91 88 1
91 109 1
91 117 0
91 216 1
91 255 0
91 266 0
91 311 0
91 328 0
91 329 1
91 332 0
91 339 0
91 340 1
91 388 2
91 410 2
91 419 2
91 422 2
91 425 2
91 426 2
91 428 2
91 429 2
91 436 2
91 456 2
91 467 2
91 496 2
91 498 2
91 584 2
92 10 0
92 79 1
92 88 1
92 109 1
92 212 0
92 219 1
92 328 0
92 340 1
92 419 2
92 442 2
93 12 1
94 33 0
94 91 1
94 211 0
94 212 0
94 328 0
94 332 0
94 355 0
94 386 2
94 447 2
95 212 0
95 456 2
97 4 0
97 7 0
97 19 0
97 29 1
97 103 0
97 138 1
97 212 0
97 219 1
97 299 1
97 340 1
97 343 1
97 350 1
97 366 2
97 374 2
97 387 2
97 391 2
97 401 2
97 403 2
97 405 2
97 407 2
97 410 2
97 419 2
97 425 2
97 446 2
97 447 2
97 448 2
97 462 2
97 463 2
97 470 2
97 474 2
97 476 2
97 491 2
97 492 2
97 494 2
97 496 2
97 510 2
97 538 2
108 229 1
108 274 1
109 55 0
109 84 1
109 88 1
109 120 1
109 127 1
109 138 1
109 328 0
109 332 0
109 364 2
112 23 0
112 70 1
112 101 0
112 219 1
112 229 1
112 232 0
112 242 0
112 244 0
112 255 0
112 295 1
112 297 0
112 308 1
112 340 1
112 456 2
112 470 2
112 496 2
112 510 2
114 97 1
115 0 0
115 48 0
115 246 1
115 327 1
115 383 2
115 481 2
115 482 2
115 483 2
118 62 0
118 208 1
118 309 0
118 401 2
118 459 2
118 557 2
119 60 0
119 176 0
119 214 0
119 446 2
119 447 2
119 538 2
120 12 1
120 219 1
120 351 0
120 399 2
120 405 2
120 446 2
120 447 2
120 448 2
120 538 2
121 12 1
121 78 0
121 79 1
121 168 0
121 182 1
121 409 2
121 553 2
122 12 1
122 24 1
122 33 0
122 120 1
122 290 1
122 351 0
122 365 2
122 366 2
122 456 2
122 494 2
122 510 2
122 511 2
127 21 0
127 42 1
127 109 1
127 124 0
127 278 1
127 308 1
127 323 1
127 408 2
127 411 2
127 412 2
127 442 2
127 470 2
127 476 2
127 512 2
127 540 2
128 39 0
128 41 1
128 88 1
128 89 1
128 116 0
128 191 0
128 229 1
128 274 1
128 317 1
128 327 1
128 386 2
128 402 2
128 446 2
128 447 2
128 448 2
128 482 2
129 33 0
129 142 1
129 408 2
130 31 0
130 65 0
130 72 0
130 255 0
130 494 2
130 495 2
134 64 0
134 80 1
134 101 0
134 177 1
134 295 1
134 305 1
134 481 2
138 12 1
138 33 0
138 36 0
138 75 1
138 76 1
138 79 1
138 89 1
138 112 1
138 125 0
138 148 0
138 183 1
138 229 1
138 260 1
138 297 0
138 299 1
138 306 1
138 309 0
138 316 1
138 328 0
138 340 1
138 384 2
138 410 2
138 446 2
138 447 2
138 510 2
138 536 2
138 538 2
138 561 2
139 28 0
139 32 0
139 75 1
139 183 1
139 219 1
139 220 1
139 299 1
139 306 1
139 332 0
139 341 1
139 343 1
139 351 0
139 392 2
139 405 2
139 419 2
139 428 2
139 429 2
139 446 2
139 447 2
139 448 2
139 536 2
139 538 2
139 561 2
139 584 2
140 136 0
140 177 1
140 212 0
140 219 1
140 351 0
140 424 2
140 440 2
140 494 2
140 496 2
140 584 2
141 18 1
141 140 1
141 177 1
141 183 1
141 203 1
141 279 1
141 295 1
141 349 0
141 351 0
141 419 2
141 430 2
141 446 2
141 447 2
141 481 2
141 483 2
141 510 2
141 538 2
142 47 0
142 89 1
142 203 1
142 229 1
142 274 1
142 319 1
142 340 1
142 523 2
143 14 0
143 76 1
143 196 0
143 423 2
143 432 2
143 444 2
143 452 2
143 454 2
143 581 2
144 1 0
144 129 1
144 130 1
144 264 1
144 468 2
145 76 1
145 86 0
145 219 1
145 290 1
145 316 1
145 351 0
146 11 1
146 12 1
146 13 1
146 16 0
146 55 0
146 60 0
146 77 1
146 78 0
146 137 0
146 187 0
146 191 0
146 207 0
146 212 0
146 239 0
146 241 0
146 255 0
146 261 1
146 288 0
146 316 1
146 328 0
146 343 1
146 351 0
146 354 1
146 355 0
146 364 2
146 368 2
146 374 2
146 375 2
146 378 2
146 388 2
146 389 2
146 392 2
146 407 2
146 409 2
146 410 2
146 419 2
146 426 2
146 428 2
146 429 2
146 430 2
146 435 2
146 437 2
146 451 2
146 452 2
146 454 2
146 456 2
146 457 2
146 459 2
146 469 2
146 470 2
146 471 2
146 472 2
146 476 2
146 483 2
146 485 2
146 492 2
146 494 2
146 512 2
146 519 2
146 520 2
146 525 2
146 530 2
146 536 2
146 538 2
146 545 2
146 558 2
146 584 2
147 29 1
147 36 0
147 306 1
147 340 1
147 343 1
147 467 2
147 481 2
147 503 2
149 241 0
149 351 0
149 383 2
149 436 2
149 439 2
150 8 0
150 149 1
150 219 1
150 261 1
150 327 1
150 381 2
150 382 2
150 383 2
150 384 2
150 397 2
150 415 2
150 418 2
150 428 2
150 429 2
150 436 2
150 439 2
150 446 2
150 447 2
150 448 2
150 480 2
150 501 2
150 510 2
150 516 2
150 523 2
150 524 2
150 525 2
150 526 2
150 528 2
150 529 2
150 530 2
150 532 2
150 533 2
150 534 2
150 549 2
150 551 2
150 555 2
150 556 2
150 557 2
150 566 2
150 568 2
150 569 2
150 572 2
150 573 2
150 576 2
150 584 2
151 165 0
151 166 0
151 220 1
151 298 1
151 340 1
151 364 2
151 366 2
151 373 2
151 585 2
152 39 0
152 220 1
152 229 1
152 274 1
152 349 0
152 442 2
152 456 2
154 67 0
154 212 0
154 335 0
154 351 0
154 356 0
154 466 2
154 467 2
158 22 0
158 177 1
158 187 0
158 229 1
158 274 1
158 288 0
158 345 0
158 399 2
159 112 1
159 146 1
159 428 2
159 429 2
159 584 2
161 29 1
161 303 1
169 255 0
169 570 2
172 76 1
172 216 1
172 340 1
172 349 0
172 419 2
172 450 2
172 482 2
173 32 0
173 336 0
173 337 0
173 419 2
174 33 0
177 12 1
177 17 1
177 23 0
177 29 1
177 32 0
177 55 0
177 70 1
177 78 0
177 91 1
177 92 1
177 97 1
177 99 0
177 101 0
177 105 0
177 114 0
177 132 0
177 144 1
177 168 0
177 187 0
177 197 0
177 212 0
177 216 1
177 219 1
177 230 1
177 232 0
177 244 0
177 255 0
177 261 1
177 267 0
177 269 1
177 279 1
177 297 0
177 308 1
177 328 0
177 340 1
177 342 1
177 349 0
177 350 1
177 351 0
177 377 2
177 399 2
177 403 2
177 405 2
177 408 2
177 410 2
177 433 2
177 446 2
177 447 2
177 448 2
177 450 2
177 456 2
177 466 2
177 467 2
177 469 2
177 470 2
177 471 2
177 473 2
177 496 2
177 499 2
177 538 2
177 583 2
178 24 1
178 99 0
178 114 0
178 168 0
178 216 1
180 226 1
180 303 1
180 374 2
181 288 0
182 262 1
182 333 0
182 388 2
182 407 2
182 409 2
182 415 2
182 471 2
183 17 1
183 41 1
183 168 0
183 212 0
183 226 1
183 269 1
183 322 0
183 333 0
183 340 1
183 350 1
183 351 0
183 397 2
183 407 2
183 409 2
183 415 2
183 420 2
183 428 2
183 429 2
183 446 2
183 447 2
183 448 2
183 450 2
183 453 2
183 456 2
183 496 2
183 538 2
183 569 2
183 584 2
184 121 1
184 146 1
184 222 0
184 235 0
184 405 2
184 446 2
184 447 2
184 448 2
184 538 2
185 111 0
185 211 0
185 355 0
185 394 2
185 405 2
188 12 1
188 42 1
188 56 1
188 63 0
188 89 1
188 208 1
188 219 1
188 241 0
188 299 1
188 326 1
188 384 2
188 415 2
188 428 2
188 429 2
188 495 2
188 519 2
188 520 2
188 584 2
194 33 0
194 563 2
199 219 1
199 328 0
199 376 2
199 377 2
199 422 2
199 423 2
199 432 2
199 433 2
199 437 2
199 444 2
199 445 2
199 454 2
199 455 2
199 473 2
199 514 2
199 581 2
199 583 2
200 67 0
200 226 1
200 260 1
200 520 2
202 89 1
202 125 0
202 401 2
203 177 1
203 198 0
203 470 2
203 476 2
203 533 2
203 536 2
203 541 2
203 561 2
203 582 2
204 177 1
204 198 0
204 202 1
204 239 0
204 351 0
204 536 2
204 561 2
205 12 1
205 304 0
205 442 2
205 456 2
206 29 1
206 128 1
206 178 1
206 328 0
206 470 2
206 471 2
206 476 2
206 477 2
208 112 1
208 146 1
208 153 0
208 207 0
208 367 2
208 371 2
208 376 2
208 410 2
208 413 2
208 433 2
208 451 2
208 455 2
208 466 2
208 467 2
208 481 2
208 514 2
208 582 2
209 49 0
209 314 1
209 322 0
209 407 2
209 409 2
209 459 2
213 72 0
213 212 0
215 23 0
215 29 1
215 86 0
215 89 1
215 138 1
215 219 1
215 277 0
215 297 0
215 298 1
215 299 1
215 465 2
216 10 0
216 42 1
216 49 0
216 128 1
216 155 0
216 166 0
216 219 1
216 405 2
216 407 2
216 412 2
216 419 2
216 420 2
216 446 2
216 447 2
216 448 2
216 538 2
216 550 2
218 49 0
218 219 1
218 306 1
219 16 0
219 17 1
219 27 1
219 33 0
219 37 0
219 39 0
219 42 1
219 53 1
219 72 0
219 84 1
219 120 1
219 127 1
219 129 1
219 139 1
219 162 0
219 168 0
219 187 0
219 210 0
219 328 0
219 338 1
219 340 1
219 342 1
219 351 0
219 364 2
219 365 2
219 366 2
219 367 2
219 368 2
219 369 2
219 370 2
219 371 2
219 373 2
219 374 2
219 376 2
219 377 2
219 383 2
219 392 2
219 405 2
219 410 2
219 412 2
219 415 2
219 420 2
219 422 2
219 423 2
219 432 2
219 433 2
219 440 2
219 444 2
219 445 2
219 448 2
219 454 2
219 455 2
219 465 2
219 466 2
219 467 2
219 470 2
219 471 2
219 473 2
219 474 2
219 475 2
219 476 2
219 478 2
219 481 2
219 482 2
219 483 2
219 491 2
219 492 2
219 494 2
219 497 2
219 510 2
219 518 2
219 519 2
219 520 2
219 558 2
219 580 2
219 581 2
219 583 2
220 27 1
220 36 0
220 73 0
220 136 0
220 139 1
220 147 1
220 218 0
220 233 0
220 340 1
220 376 2
220 377 2
220 384 2
220 423 2
220 424 2
220 425 2
220 427 2
220 428 2
220 429 2
220 432 2
220 433 2
220 444 2
220 445 2
220 454 2
220 455 2
220 466 2
220 473 2
220 476 2
220 477 2
220 479 2
220 498 2
220 502 2
220 504 2
220 506 2
220 514 2
220 535 2
220 539 2
220 577 2
220 580 2
220 581 2
220 582 2
220 583 2
220 584 2
225 137 0
225 395 2
225 415 2
225 428 2
225 453 2
225 465 2
226 8 0
226 41 1
226 72 0
226 129 1
226 130 1
226 182 1
226 260 1
226 287 0
226 301 0
226 423 2
226 432 2
226 444 2
226 454 2
226 487 2
226 488 2
226 489 2
226 490 2
226 515 2
226 581 2
227 12 1
227 89 1
227 262 1
227 299 1
227 383 2
227 448 2
227 494 2
228 8 0
228 112 1
228 219 1
228 340 1
228 462 2
229 0 0
229 12 1
229 17 1
229 21 0
229 23 0
229 32 0
229 33 0
229 49 0
229 51 0
229 54 1
229 57 0
229 60 0
229 76 1
229 78 0
229 79 1
229 99 0
229 100 0
229 101 0
229 105 0
229 111 0
229 122 1
229 126 0
229 128 1
229 137 0
229 138 1
229 143 1
229 146 1
229 152 1
229 162 0
229 168 0
229 172 1
229 180 1
229 192 0
229 211 0
229 212 0
229 219 1
229 227 1
229 243 0
229 255 0
229 264 1
229 265 0
229 266 0
229 276 0
229 288 0
229 298 1
229 311 0
229 317 1
229 324 0
229 328 0
229 333 0
229 336 0
229 340 1
229 349 0
229 351 0
229 360 1
229 365 2
229 373 2
229 380 2
229 387 2
229 392 2
229 400 2
229 410 2
229 411 2
229 412 2
229 415 2
229 419 2
229 422 2
229 423 2
229 446 2
229 447 2
229 456 2
229 457 2
229 459 2
229 469 2
229 471 2
229 477 2
229 481 2
229 482 2
229 483 2
229 485 2
229 492 2
229 493 2
229 507 2
229 510 2
229 513 2
229 536 2
229 537 2
229 538 2
229 542 2
229 555 2
229 560 2
229 561 2
229 563 2
229 580 2
230 33 0
230 146 1
230 466 2
231 33 0
231 70 1
231 101 0
231 153 0
231 154 1
231 304 0
231 506 2
234 56 1
234 66 0
234 129 1
234 204 1
234 407 2
234 409 2
234 423 2
234 432 2
234 444 2
234 445 2
234 454 2
234 581 2
236 0 0
236 407 2
236 409 2
237 0 0
237 26 0
237 392 2
237 453 2
237 482 2
238 78 0
238 229 1
238 274 1
238 284 0
238 351 0
238 383 2
238 408 2
238 443 2
238 481 2
238 510 2
239 76 1
239 212 0
239 288 0
245 108 0
245 188 1
245 207 0
245 220 1
245 270 1
245 328 0
245 340 1
245 358 1
245 420 2
246 175 0
246 176 0
246 207 0
246 212 0
246 264 1
246 399 2
247 226 1
247 304 0
247 442 2
247 456 2
253 188 1
253 356 0
258 12 1
258 41 1
258 127 1
258 160 0
258 255 0
258 286 0
258 299 1
258 309 0
258 343 1
258 349 0
258 370 2
258 567 2
259 208 1
260 41 1
260 72 0
260 130 1
260 226 1
260 287 0
260 303 1
260 309 0
260 392 2
260 393 2
260 406 2
260 409 2
260 485 2
260 486 2
260 487 2
260 488 2
260 489 2
260 490 2
260 515 2
261 168 0
261 192 0
261 288 0
261 313 1
261 318 0
261 378 2
261 448 2
261 459 2
261 485 2
262 23 0
262 31 0
262 42 1
262 68 0
262 183 1
262 219 1
262 237 1
262 258 1
262 288 0
262 340 1
262 383 2
262 387 2
262 406 2
262 409 2
262 456 2
262 482 2
262 571 2
264 276 0
264 343 1
269 61 0
269 91 1
269 150 1
269 157 0
269 255 0
269 333 0
269 407 2
269 409 2
269 488 2
270 29 1
270 70 1
270 76 1
270 77 1
270 112 1
270 219 1
270 262 1
270 306 1
270 331 0
270 351 0
270 543 2
270 544 2
272 168 0
272 229 1
272 466 2
272 467 2
273 32 0
273 87 0
273 99 0
273 162 0
273 168 0
273 421 2
273 456 2
274 0 0
274 12 1
274 21 0
274 23 0
274 32 0
274 33 0
274 49 0
274 51 0
274 57 0
274 60 0
274 76 1
274 78 0
274 79 1
274 85 1
274 99 0
274 100 0
274 101 0
274 105 0
274 111 0
274 122 1
274 126 0
274 128 1
274 137 0
274 138 1
274 143 1
274 146 1
274 162 0
274 168 0
274 172 1
274 180 1
274 192 0
274 211 0
274 212 0
274 219 1
274 227 1
274 229 1
274 243 0
274 244 0
274 255 0
274 261 1
274 264 1
274 265 0
274 266 0
274 276 0
274 288 0
274 290 1
274 298 1
274 315 1
274 316 1
274 317 1
274 324 0
274 328 0
274 333 0
274 336 0
274 340 1
274 343 1
274 349 0
274 351 0
274 360 1
274 368 2
274 373 2
274 386 2
274 387 2
274 392 2
274 394 2
274 409 2
274 410 2
274 411 2
274 415 2
274 419 2
274 423 2
274 428 2
274 429 2
274 431 2
274 432 2
274 436 2
274 438 2
274 443 2
274 444 2
274 447 2
274 452 2
274 454 2
274 456 2
274 458 2
274 465 2
274 466 2
274 467 2
274 468 2
274 469 2
274 470 2
274 471 2
274 476 2
274 477 2
274 483 2
274 492 2
274 510 2
274 527 2
274 561 2
274 574 2
274 579 2
274 581 2
274 584 2
274 586 2
275 12 1
275 25 0
275 30 0
275 240 0
275 285 0
275 315 1
275 353 0
275 384 2
275 394 2
275 401 2
275 403 2
275 443 2
275 450 2
275 456 2
275 458 2
275 502 2
278 20 0
278 33 0
278 108 0
278 177 1
278 183 1
278 224 0
278 228 1
278 229 1
278 274 1
278 308 1
278 351 0
278 376 2
278 408 2
278 423 2
278 426 2
278 427 2
278 432 2
278 433 2
278 444 2
278 454 2
278 455 2
278 466 2
278 468 2
278 470 2
278 476 2
278 514 2
278 581 2
279 12 1
279 89 1
279 212 0
279 255 0
279 299 1
279 343 1
279 351 0
279 352 0
279 456 2
279 470 2
279 476 2
279 496 2
280 0 0
280 61 0
280 149 1
280 150 1
280 157 0
280 333 0
280 383 2
280 407 2
280 409 2
280 437 2
290 5 0
290 56 1
290 97 1
290 122 1
290 145 0
290 146 1
290 158 1
290 219 1
290 235 0
290 246 1
290 262 1
290 289 0
290 325 0
290 328 0
290 340 1
290 342 1
290 510 2
290 536 2
290 561 2
291 352 0
291 446 2
291 447 2
291 448 2
292 297 0
294 9 1
294 33 0
294 51 0
294 115 1
294 123 0
294 177 1
294 219 1
294 266 0
294 288 0
294 297 0
294 328 0
294 350 1
294 351 0
294 400 2
294 404 2
294 407 2
294 409 2
294 419 2
294 423 2
294 432 2
294 436 2
294 444 2
294 446 2
294 447 2
294 454 2
294 456 2
294 474 2
294 476 2
294 482 2
294 494 2
294 496 2
294 536 2
294 541 2
294 547 2
294 555 2
294 561 2
294 581 2
295 9 1
295 51 0
295 103 0
295 134 1
295 177 1
295 219 1
295 288 0
295 292 0
295 297 0
295 346 0
295 407 2
295 409 2
295 419 2
295 487 2
295 488 2
295 489 2
295 490 2
295 515 2
295 525 2
295 536 2
295 555 2
295 561 2
295 584 2
297 207 0
297 219 1
298 111 0
298 137 0
298 334 0
298 350 1
298 374 2
298 405 2
298 446 2
298 447 2
298 448 2
298 450 2
298 510 2
298 511 2
298 522 2
298 538 2
298 554 2
299 36 0
299 60 0
299 260 1
299 350 1
299 374 2
299 401 2
299 405 2
299 409 2
299 446 2
299 447 2
299 448 2
299 450 2
299 466 2
299 467 2
299 510 2
299 538 2
302 133 0
302 208 1
302 504 2
302 505 2
303 72 0
303 246 1
303 287 0
303 355 0
303 384 2
303 385 2
303 399 2
303 401 2
303 405 2
303 428 2
303 429 2
303 448 2
303 465 2
303 482 2
303 485 2
303 487 2
303 488 2
303 489 2
303 490 2
303 500 2
303 515 2
303 536 2
303 584 2
305 12 1
305 143 1
305 183 1
305 208 1
305 259 0
305 302 1
305 404 2
305 481 2
306 0 0
306 3 0
306 9 1
306 11 1
306 12 1
306 15 0
306 21 0
306 29 1
306 31 0
306 32 0
306 33 0
306 34 0
306 35 0
306 36 0
306 39 0
306 48 0
306 49 0
306 51 0
306 52 1
306 55 0
306 57 0
306 75 1
306 76 1
306 79 1
306 82 0
306 89 1
306 98 0
306 99 0
306 101 0
306 102 0
306 106 0
306 112 1
306 120 1
306 128 1
306 132 0
306 137 0
306 141 1
306 147 1
306 150 1
306 154 1
306 157 0
306 161 0
306 163 0
306 168 0
306 175 0
306 179 0
306 185 1
306 187 0
306 192 0
306 201 0
306 207 0
306 210 0
306 211 0
306 212 0
306 215 1
306 217 0
306 218 0
306 219 1
306 220 1
306 228 1
306 229 1
306 230 1
306 239 0
306 241 0
306 244 0
306 246 1
306 255 0
306 263 0
306 266 0
306 267 0
306 269 1
306 274 1
306 288 0
306 290 1
306 300 0
306 304 0
306 305 1
306 309 0
306 311 0
306 312 1
306 321 0
306 324 0
306 328 0
306 332 0
306 333 0
306 344 0
306 347 0
306 350 1
306 351 0
306 355 0
306 360 1
306 376 2
306 392 2
306 394 2
306 405 2
306 406 2
306 411 2
306 423 2
306 428 2
306 432 2
306 440 2
306 444 2
306 446 2
306 447 2
306 448 2
306 454 2
306 465 2
306 470 2
306 471 2
306 476 2
306 482 2
306 483 2
306 498 2
306 511 2
306 520 2
306 538 2
306 581 2
308 24 1
308 32 0
308 109 1
308 127 1
308 210 0
308 284 0
308 316 1
308 337 0
308 406 2
308 410 2
308 419 2
308 423 2
308 432 2
308 444 2
308 454 2
308 456 2
308 465 2
308 468 2
308 470 2
308 505 2
308 508 2
308 536 2
308 581 2
312 12 1
312 23 0
312 31 0
312 101 0
312 104 0
312 262 1
312 378 2
312 430 2
312 482 2
312 571 2
313 0 0
313 101 0
313 104 0
313 150 1
313 262 1
313 423 2
313 428 2
313 429 2
313 432 2
313 444 2
313 454 2
313 581 2
313 584 2
314 52 1
314 108 0
314 112 1
314 114 0
314 190 0
314 211 0
314 212 0
314 224 0
314 255 0
314 288 0
314 322 0
314 407 2
314 409 2
314 453 2
314 459 2
314 482 2
315 32 0
315 57 0
315 78 0
315 101 0
315 135 0
315 167 0
315 168 0
315 172 1
315 238 1
315 261 1
315 281 0
315 284 0
315 316 1
315 324 0
315 336 0
315 340 1
315 364 2
315 384 2
315 411 2
315 419 2
315 481 2
315 510 2
315 574 2
316 0 0
316 12 1
316 23 0
316 24 1
316 32 0
316 33 0
316 55 0
316 64 0
316 70 1
316 75 1
316 85 1
316 90 1
316 98 0
316 101 0
316 112 1
316 146 1
316 165 0
316 168 0
316 172 1
316 193 0
316 211 0
316 212 0
316 219 1
316 221 0
316 226 1
316 258 1
316 261 1
316 315 1
316 328 0
316 340 1
316 341 1
316 343 1
316 346 0
316 350 1
316 351 0
316 367 2
316 384 2
316 387 2
316 399 2
316 407 2
316 410 2
316 411 2
316 415 2
316 419 2
316 420 2
316 423 2
316 424 2
316 425 2
316 428 2
316 429 2
316 432 2
316 444 2
316 448 2
316 451 2
316 454 2
316 456 2
316 459 2
316 463 2
316 465 2
316 471 2
316 472 2
316 477 2
316 481 2
316 483 2
316 510 2
316 517 2
316 531 2
316 565 2
316 581 2
316 584 2
317 172 1
317 219 1
317 324 0
317 563 2
318 23 0
318 24 1
318 33 0
318 89 1
318 155 0
318 306 1
319 49 0
319 112 1
319 113 0
319 167 0
319 315 1
319 337 0
319 406 2
319 508 2
320 152 1
320 299 1
320 343 1
320 462 2
320 496 2
323 88 1
323 216 1
323 220 1
323 229 1
323 328 0
323 408 2
323 411 2
323 424 2
323 468 2
323 474 2
323 483 2
324 128 1
324 360 1
326 36 0
326 123 0
326 177 1
326 183 1
326 208 1
326 219 1
326 351 0
326 355 0
326 410 2
326 456 2
326 510 2
327 56 1
327 128 1
327 299 1
327 316 1
327 357 0
327 424 2
327 425 2
327 456 2
329 6 0
329 21 0
329 49 0
329 69 0
329 91 1
329 98 0
329 101 0
329 164 0
329 212 0
329 351 0
329 388 2
329 423 2
329 432 2
329 444 2
329 445 2
329 454 2
329 459 2
329 581 2
338 107 0
338 219 1
338 423 2
338 432 2
338 444 2
338 445 2
338 454 2
338 581 2
340 8 0
340 17 1
340 23 0
340 29 1
340 31 0
340 56 1
340 62 0
340 72 0
340 75 1
340 76 1
340 77 1
340 79 1
340 82 0
340 86 0
340 89 1
340 97 1
340 101 0
340 120 1
340 122 1
340 150 1
340 158 1
340 160 0
340 162 0
340 182 1
340 207 0
340 212 0
340 219 1
340 229 1
340 245 1
340 249 0
340 252 0
340 254 0
340 270 1
340 274 1
340 283 0
340 294 1
340 315 1
340 316 1
340 327 1
340 328 0
340 334 0
340 342 1
340 344 0
340 351 0
340 373 2
340 376 2
340 378 2
340 380 2
340 384 2
340 386 2
340 387 2
340 403 2
340 405 2
340 406 2
340 407 2
340 409 2
340 410 2
340 412 2
340 414 2
340 415 2
340 416 2
340 419 2
340 420 2
340 421 2
340 423 2
340 432 2
340 435 2
340 436 2
340 438 2
340 439 2
340 444 2
340 445 2
340 446 2
340 447 2
340 448 2
340 449 2
340 452 2
340 454 2
340 457 2
340 460 2
340 465 2
340 466 2
340 467 2
340 469 2
340 471 2
340 474 2
340 476 2
340 477 2
340 481 2
340 484 2
340 510 2
340 511 2
340 529 2
340 538 2
340 559 2
340 560 2
340 562 2
340 563 2
340 564 2
340 570 2
340 572 2
340 581 2
341 29 1
341 183 1
341 261 1
341 326 1
341 350 1
341 393 2
341 396 2
341 419 2
341 424 2
341 437 2
341 446 2
341 447 2
341 449 2
341 452 2
341 510 2
341 521 2
341 538 2
342 76 1
342 328 0
342 350 1
342 407 2
342 409 2
342 437 2
342 446 2
342 447 2
342 449 2
342 452 2
342 510 2
342 538 2
343 27 1
343 36 0
343 72 0
343 89 1
343 98 0
343 111 0
343 112 1
343 176 0
343 212 0
343 216 1
343 228 1
343 279 1
343 359 1
343 371 2
343 379 2
343 380 2
343 391 2
343 405 2
343 424 2
343 436 2
343 443 2
343 446 2
343 447 2
343 448 2
343 452 2
343 459 2
343 468 2
343 476 2
343 518 2
343 519 2
343 520 2
343 538 2
348 0 0
348 11 1
348 57 0
348 96 0
348 115 1
348 153 0
348 154 1
348 161 0
348 223 0
348 229 1
348 258 1
348 274 1
348 288 0
348 293 0
348 324 0
348 328 0
348 330 0
348 344 0
348 394 2
348 412 2
348 548 2
350 26 0
350 151 1
350 168 0
350 227 1
350 409 2
354 12 1
354 26 0
354 65 0
354 146 1
354 181 0
354 307 0
354 326 1
354 340 1
354 351 0
354 457 2
358 32 0
358 70 1
358 89 1
358 125 0
358 168 0
358 265 0
358 351 0
358 509 2
359 12 1
359 76 1
359 101 0
359 207 0
359 212 0
359 220 1
359 344 0
360 2 0
360 29 1
360 53 1
360 54 1
360 74 0
360 85 1
360 101 0
360 131 0
360 138 1
360 139 1
360 140 1
360 146 1
360 154 1
360 219 1
360 228 1
360 251 0
360 257 0
360 297 0
360 329 1
360 340 1
360 342 1
360 379 2
360 401 2
360 419 2
360 481 2
360 482 2
360 483 2
360 496 2
360 519 2
360 580 2
361 42 1
361 188 1
361 305 1
361 410 2
361 466 2
361 467 2
362 112 1
362 219 1
362 456 2
363 175 0
363 260 1
363 355 0
363 375 2
363 378 2
363 390 2
363 405 2
363 409 2
363 421 2
363 422 2
363 446 2
363 447 2
363 448 2
363 450 2
363 504 2
363 538 2
364 4 3
364 5 3
364 7 3
364 23 3
364 33 3
364 42 4
364 49 3
364 67 3
364 73 3
364 78 3
364 82 3
364 101 3
364 103 3
364 137 3
364 145 3
364 197 3
364 208 4
364 229 4
364 232 3
364 250 3
364 271 3
364 292 3
364 334 3
364 347 3
364 360 4
364 365 6
364 367 6
364 369 6
364 373 6
365 4 3
365 5 3
365 7 3
365 23 3
365 33 3
365 49 3
365 50 3
365 67 3
365 73 3
365 78 3
365 82 3
365 101 3
365 103 3
365 137 3
365 145 3
365 197 3
365 232 3
365 250 3
365 271 3
365 292 3
365 334 3
365 347 3
365 364 6
366 4 3
366 5 3
366 7 3
366 23 3
366 33 3
366 49 3
366 67 3
366 73 3
366 78 3
366 82 3
366 101 3
366 103 3
366 137 3
366 145 3
366 197 3
366 232 3
366 250 3
366 271 3
366 292 3
366 334 3
366 347 3
366 585 6
367 4 3
367 5 3
367 7 3
367 23 3
367 33 3
367 49 3
367 67 3
367 73 3
367 78 3
367 82 3
367 101 3
367 103 3
367 137 3
367 145 3
367 197 3
367 232 3
367 250 3
367 271 3
367 292 3
367 334 3
367 347 3
367 364 6
367 369 6
368 4 3
368 5 3
368 7 3
368 23 3
368 33 3
368 49 3
368 50 3
368 67 3
368 73 3
368 78 3
368 82 3
368 101 3
368 103 3
368 137 3
368 145 3
368 197 3
368 232 3
368 250 3
368 271 3
368 292 3
368 334 3
368 347 3
368 386 6
368 586 6
369 4 3
369 5 3
369 7 3
369 23 3
369 33 3
369 49 3
369 67 3
369 73 3
369 78 3
369 82 3
369 101 3
369 103 3
369 137 3
369 145 3
369 197 3
369 208 4
369 232 3
369 250 3
369 271 3
369 292 3
369 334 3
369 347 3
369 364 6
369 367 6
370 4 3
370 5 3
370 7 3
370 23 3
370 33 3
370 49 3
370 67 3
370 73 3
370 78 3
370 82 3
370 101 3
370 103 3
370 137 3
370 145 3
370 197 3
370 232 3
370 250 3
370 271 3
370 292 3
370 334 3
370 347 3
371 4 3
371 5 3
371 7 3
371 23 3
371 33 3
371 49 3
371 67 3
371 73 3
371 78 3
371 82 3
371 101 3
371 103 3
371 137 3
371 145 3
371 197 3
371 232 3
371 250 3
371 271 3
371 292 3
371 334 3
371 347 3
372 0 3
372 12 4
372 19 3
372 25 3
372 33 3
372 35 3
372 42 4
372 45 3
372 47 3
372 78 3
372 97 4
372 111 3
372 113 3
372 122 4
372 132 3
372 135 3
372 153 3
372 163 3
372 164 3
372 183 4
372 197 3
372 203 4
372 207 3
372 225 4
372 233 3
372 240 3
372 253 4
372 299 4
372 300 3
372 314 4
372 316 4
372 334 3
372 351 3
372 360 4
372 395 6
373 136 3
373 170 3
373 364 6
374 0 3
374 5 3
374 15 3
374 38 3
374 42 4
374 69 3
374 93 3
374 102 3
374 103 3
374 105 3
374 110 3
374 111 3
374 112 4
374 123 3
374 132 3
374 147 4
374 150 4
374 161 3
374 164 3
374 207 3
374 217 3
374 266 3
374 287 3
374 301 3
374 334 3
374 335 3
375 25 3
375 69 3
375 72 3
375 74 3
375 105 3
375 124 3
375 126 3
375 217 3
375 223 3
375 250 3
375 259 3
375 276 3
375 287 3
375 310 3
375 328 3
375 332 3
376 0 3
376 5 3
376 33 3
376 37 3
376 65 3
376 69 3
376 85 4
376 93 3
376 96 3
376 99 3
376 124 3
376 132 3
376 172 4
376 174 3
376 181 3
376 189 3
376 197 3
376 212 3
376 266 3
376 276 3
376 296 3
376 297 3
376 311 3
376 325 3
376 332 3
376 335 3
376 337 3
376 343 4
376 351 3
376 433 6
376 445 6
376 455 6
376 514 6
376 581 6
377 0 3
377 5 3
377 33 3
377 37 3
377 65 3
377 69 3
377 85 4
377 93 3
377 96 3
377 99 3
377 124 3
377 132 3
377 172 4
377 174 3
377 181 3
377 189 3
377 197 3
377 212 3
377 266 3
377 276 3
377 296 3
377 297 3
377 311 3
377 325 3
377 332 3
377 335 3
377 337 3
377 343 4
377 351 3
377 473 6
377 583 6
378 25 3
378 69 3
378 72 3
378 74 3
378 105 3
378 124 3
378 126 3
378 217 3
378 223 3
378 250 3
378 259 3
378 276 3
378 287 3
378 310 3
378 328 3
378 332 3
379 25 3
379 86 3
379 288 3
380 25 3
380 86 3
380 288 3
381 5 3
381 33 3
381 47 3
381 163 3
381 189 3
381 210 3
381 223 3
381 382 6
381 397 6
381 418 6
381 480 6
381 484 6
381 501 6
381 516 6
381 523 6
381 524 6
381 525 6
381 526 6
381 528 6
381 529 6
381 530 6
381 532 6
381 533 6
381 534 6
381 549 6
381 552 6
381 555 6
381 556 6
381 557 6
381 566 6
381 568 6
381 572 6
381 573 6
381 576 6
382 103 3
382 156 3
382 197 3
382 337 3
382 381 6
382 397 6
382 418 6
382 480 6
382 484 6
382 501 6
382 516 6
382 523 6
382 524 6
382 525 6
382 526 6
382 528 6
382 529 6
382 530 6
382 532 6
382 533 6
382 534 6
382 549 6
382 552 6
382 555 6
382 556 6
382 557 6
382 566 6
382 568 6
382 572 6
382 573 6
382 576 6
383 71 3
383 250 3
384 0 3
384 21 3
384 31 3
384 32 3
384 33 3
384 34 3
384 37 3
384 38 3
384 42 4
384 45 3
384 63 3
384 65 3
384 66 3
384 67 3
384 86 3
384 93 3
384 106 3
384 124 3
384 145 3
384 155 3
384 165 3
384 170 3
384 172 4
384 176 3
384 189 3
384 191 3
384 197 3
384 198 3
384 212 3
384 222 3
384 223 3
384 239 3
384 240 3
384 251 3
384 256 3
384 268 3
384 277 3
384 286 3
384 287 3
384 289 3
384 299 4
384 310 3
384 335 3
384 337 3
384 350 4
384 355 3
385 51 3
385 343 4
386 10 3
386 136 3
386 156 3
386 197 3
386 271 3
386 277 3
386 284 3
386 350 4
386 368 6
386 586 6
387 10 3
387 11 4
387 12 4
387 42 4
387 54 4
387 136 3
387 151 4
387 156 3
387 197 3
387 208 4
387 219 4
387 260 4
387 271 3
387 277 3
387 284 3
387 326 4
387 350 4
388 181 3
388 249 3
389 0 3
389 15 3
389 33 3
389 57 3
389 63 3
389 65 3
389 85 4
389 96 3
389 103 3
389 107 3
389 111 3
389 123 3
389 137 3
389 214 3
389 254 3
389 256 3
389 284 3
389 287 3
389 289 3
389 297 3
389 335 3
389 343 4
390 0 3
390 1 3
390 5 3
390 21 3
390 35 3
390 38 3
390 47 3
390 69 3
390 87 3
390 99 3
390 113 3
390 124 3
390 125 3
390 137 3
390 145 3
390 146 4
390 151 4
390 170 3
390 175 3
390 186 3
390 191 3
390 207 3
390 210 3
390 217 3
390 233 3
390 250 3
390 254 3
390 277 3
390 287 3
390 298 4
390 300 3
390 332 3
390 347 3
390 352 3
391 16 3
391 20 3
391 21 3
391 22 3
391 49 3
391 66 3
391 87 3
391 93 3
391 96 3
391 124 3
391 148 3
391 156 3
391 163 3
391 197 3
391 240 3
391 252 3
391 256 3
391 265 3
391 268 3
391 275 4
391 298 4
391 303 4
391 356 3
391 357 3
392 0 3
392 5 3
392 26 3
392 35 3
392 42 4
392 60 3
392 63 3
392 67 3
392 69 3
392 74 3
392 78 3
392 82 3
392 85 4
392 87 3
392 93 3
392 96 3
392 99 3
392 101 3
392 102 3
392 103 3
392 113 3
392 114 3
392 131 3
392 132 3
392 145 3
392 153 3
392 156 3
392 161 3
392 164 3
392 165 3
392 166 3
392 172 4
392 181 3
392 197 3
392 207 3
392 217 3
392 240 3
392 244 3
392 256 3
392 259 3
392 265 3
392 293 3
392 300 3
392 310 3
392 318 3
392 330 3
392 332 3
392 345 3
392 347 3
392 350 4
393 0 3
393 26 3
393 35 3
393 63 3
393 69 3
393 78 3
393 99 3
393 114 3
393 132 3
393 156 3
393 164 3
393 166 3
393 172 4
393 207 3
393 217 3
393 240 3
393 256 3
393 259 3
393 300 3
393 330 3
393 332 3
393 345 3
393 347 3
393 486 6
394 5 3
394 9 4
394 45 3
394 47 3
394 55 3
394 73 3
394 93 3
394 105 3
394 137 3
394 172 4
394 287 3
394 310 3
394 334 3
394 458 6
395 5 3
395 21 3
395 23 3
395 49 3
395 55 3
395 58 3
395 63 3
395 102 3
395 123 3
395 124 3
395 161 3
395 193 3
395 211 3
395 223 3
395 268 3
395 330 3
395 339 3
395 352 3
395 372 6
396 5 3
396 23 3
396 49 3
396 55 3
396 58 3
396 63 3
396 102 3
396 123 3
396 124 3
396 161 3
396 193 3
396 211 3
396 223 3
396 268 3
396 330 3
396 339 3
396 352 3
396 453 6
397 25 3
397 224 3
397 296 3
397 357 3
397 381 6
397 382 6
397 418 6
397 480 6
397 484 6
397 501 6
397 516 6
397 523 6
397 524 6
397 525 6
397 526 6
397 528 6
397 529 6
397 530 6
397 532 6
397 533 6
397 534 6
397 549 6
397 552 6
397 555 6
397 556 6
397 557 6
397 566 6
397 568 6
397 572 6
397 573 6
397 576 6
398 21 3
398 33 3
398 60 3
398 96 3
398 151 4
398 254 3
398 277 3
398 311 3
398 332 3
399 21 3
399 33 3
399 60 3
399 96 3
399 151 4
399 254 3
399 277 3
399 311 3
399 332 3
400 250 3
400 276 3
400 540 6
400 541 6
400 554 6
401 5 3
401 28 3
401 30 3
401 35 3
401 38 3
401 60 3
401 69 3
401 103 3
401 106 3
401 124 3
401 145 3
401 164 3
401 175 3
401 186 3
401 197 3
401 235 3
401 240 3
401 256 3
401 267 3
401 292 3
401 325 3
401 343 4
401 347 3
401 357 3
402 5 3
402 35 3
402 45 3
402 96 3
402 113 3
402 117 3
402 127 4
402 156 3
402 250 3
402 287 3
402 300 3
402 341 4
402 355 3
402 357 3
403 33 3
403 69 3
403 112 4
403 164 3
403 196 3
403 217 3
403 235 3
403 301 3
403 334 3
404 0 3
404 3 3
404 5 3
404 21 3
404 23 3
404 25 3
404 26 3
404 38 3
404 45 3
404 51 3
404 58 3
404 61 3
404 63 3
404 65 3
404 74 3
404 102 3
404 111 3
404 124 3
404 126 3
404 145 3
404 148 3
404 164 3
404 184 4
404 189 3
404 193 3
404 195 3
404 207 3
404 223 3
404 250 3
404 286 3
404 289 3
404 292 3
404 300 3
404 310 3
404 337 3
404 351 3
405 21 3
405 26 3
405 33 3
405 67 3
405 86 3
405 148 3
405 217 3
405 240 3
405 251 3
405 259 3
405 263 3
405 287 3
405 300 3
405 318 3
405 330 3
405 356 3
405 448 6
406 0 3
406 2 3
406 4 3
406 5 3
406 7 3
406 14 3
406 23 3
406 69 3
406 74 3
406 85 4
406 93 3
406 105 3
406 111 3
406 112 4
406 114 3
406 148 3
406 151 4
406 156 3
406 162 3
406 165 3
406 172 4
406 174 3
406 175 3
406 181 3
406 196 3
406 197 3
406 223 3
406 257 3
406 293 3
406 330 3
406 332 3
406 333 3
406 339 3
407 49 3
407 50 3
407 55 3
407 67 3
407 156 3
407 164 3
407 184 4
407 198 3
407 218 3
407 288 3
407 328 3
407 334 3
407 409 6
408 0 3
408 5 3
408 38 3
408 42 4
408 47 3
408 69 3
408 93 3
408 102 3
408 103 3
408 105 3
408 110 3
408 111 3
408 112 4
408 113 3
408 123 3
408 132 3
408 151 4
408 207 3
408 217 3
408 266 3
408 287 3
408 292 3
408 301 3
408 332 3
408 334 3
409 0 3
409 5 3
409 33 3
409 47 3
409 64 3
409 65 3
409 96 3
409 111 3
409 184 4
409 191 3
409 197 3
409 250 3
409 284 3
409 287 3
409 288 3
409 330 3
409 332 3
409 337 3
409 347 3
409 407 6
410 217 3
410 259 3
411 217 3
411 259 3
412 0 3
412 5 3
412 74 3
412 85 4
412 93 3
412 99 3
412 102 3
412 113 3
412 166 3
412 175 3
412 184 4
412 193 3
412 207 3
412 217 3
412 240 3
412 259 3
412 288 3
412 330 3
412 347 3
413 0 3
413 5 3
413 74 3
413 85 4
413 93 3
413 99 3
413 102 3
413 113 3
413 166 3
413 175 3
413 184 4
413 193 3
413 207 3
413 217 3
413 240 3
413 259 3
413 288 3
413 330 3
413 347 3
414 96 3
414 112 4
414 164 3
414 165 3
414 168 3
414 181 3
414 191 3
414 213 3
414 223 3
414 249 3
414 330 3
415 33 3
415 73 3
415 87 3
415 211 3
415 250 3
415 307 3
416 63 3
416 343 4
417 0 3
417 5 3
417 74 3
417 85 4
417 93 3
417 99 3
417 102 3
417 113 3
417 166 3
417 175 3
417 184 4
417 193 3
417 207 3
417 217 3
417 240 3
417 259 3
417 288 3
417 330 3
417 347 3
418 33 3
418 297 3
418 381 6
418 382 6
418 397 6
418 480 6
418 484 6
418 501 6
418 516 6
418 523 6
418 524 6
418 525 6
418 526 6
418 528 6
418 529 6
418 530 6
418 532 6
418 533 6
418 534 6
418 549 6
418 552 6
418 555 6
418 556 6
418 557 6
418 566 6
418 568 6
418 572 6
418 573 6
418 576 6
419 25 3
419 43 4
419 82 3
419 85 4
419 93 3
419 105 3
419 112 4
419 148 3
419 217 3
419 251 3
419 301 3
419 302 4
419 332 3
419 357 3
420 5 3
420 7 3
420 21 3
420 25 3
420 33 3
420 35 3
420 46 3
420 63 3
420 74 3
420 93 3
420 105 3
420 114 3
420 124 3
420 126 3
420 151 4
420 171 3
420 190 3
420 217 3
420 254 3
420 259 3
420 266 3
420 292 3
420 297 3
420 300 3
420 328 3
420 346 3
420 351 3
420 357 3
420 422 6
421 5 3
421 7 3
421 21 3
421 25 3
421 33 3
421 35 3
421 46 3
421 63 3
421 74 3
421 93 3
421 105 3
421 114 3
421 124 3
421 126 3
421 151 4
421 171 3
421 190 3
421 217 3
421 254 3
421 259 3
421 266 3
421 292 3
421 297 3
421 300 3
421 328 3
421 346 3
421 351 3
421 357 3
421 422 6
422 5 3
422 7 3
422 21 3
422 25 3
422 33 3
422 35 3
422 46 3
422 63 3
422 74 3
422 93 3
422 105 3
422 114 3
422 124 3
422 126 3
422 151 4
422 171 3
422 190 3
422 217 3
422 245 4
422 254 3
422 259 3
422 266 3
422 292 3
422 297 3
422 300 3
422 316 4
422 328 3
422 340 4
422 346 3
422 351 3
422 357 3
422 420 6
422 421 6
423 0 3
423 5 3
423 33 3
423 37 3
423 65 3
423 69 3
423 85 4
423 93 3
423 96 3
423 99 3
423 124 3
423 132 3
423 172 4
423 174 3
423 181 3
423 189 3
423 197 3
423 212 3
423 266 3
423 276 3
423 296 3
423 297 3
423 311 3
423 325 3
423 332 3
423 335 3
423 337 3
423 343 4
423 351 3
423 432 6
423 444 6
423 445 6
423 454 6
423 581 6
424 1 3
424 4 3
424 5 3
424 26 3
424 35 3
424 45 3
424 63 3
424 64 3
424 69 3
424 96 3
424 98 3
424 112 4
424 153 3
424 188 4
424 189 3
424 191 3
424 210 3
424 211 3
424 217 3
424 240 3
424 255 3
424 288 3
424 294 4
424 295 4
424 297 3
424 299 4
424 300 3
424 303 4
424 309 3
424 326 4
424 332 3
424 335 3
424 347 3
424 349 3
424 425 6
425 1 3
425 4 3
425 5 3
425 26 3
425 35 3
425 45 3
425 63 3
425 64 3
425 69 3
425 89 4
425 96 3
425 98 3
425 112 4
425 153 3
425 189 3
425 191 3
425 210 3
425 211 3
425 217 3
425 240 3
425 255 3
425 288 3
425 294 4
425 295 4
425 297 3
425 299 4
425 300 3
425 309 3
425 326 4
425 332 3
425 335 3
425 341 4
425 343 4
425 347 3
425 349 3
425 424 6
426 1 3
426 4 3
426 5 3
426 26 3
426 35 3
426 45 3
426 63 3
426 64 3
426 69 3
426 96 3
426 98 3
426 112 4
426 153 3
426 189 3
426 191 3
426 210 3
426 211 3
426 217 3
426 240 3
426 255 3
426 288 3
426 297 3
426 299 4
426 300 3
426 309 3
426 332 3
426 335 3
426 347 3
426 349 3
426 427 6
427 1 3
427 4 3
427 5 3
427 26 3
427 35 3
427 45 3
427 63 3
427 64 3
427 69 3
427 96 3
427 98 3
427 112 4
427 153 3
427 189 3
427 191 3
427 210 3
427 211 3
427 217 3
427 240 3
427 255 3
427 288 3
427 297 3
427 299 4
427 300 3
427 309 3
427 332 3
427 335 3
427 347 3
427 349 3
427 426 6
428 25 3
428 33 3
428 35 3
428 47 3
428 63 3
428 85 4
428 96 3
428 102 3
428 107 3
428 111 3
428 123 3
428 137 3
428 207 3
428 221 3
428 250 3
428 292 3
428 297 3
428 332 3
428 334 3
428 335 3
428 429 6
428 584 6
429 0 3
429 15 3
429 33 3
429 45 3
429 57 3
429 74 3
429 96 3
429 103 3
429 107 3
429 111 3
429 137 3
429 156 3
429 176 3
429 196 3
429 214 3
429 240 3
429 254 3
429 256 3
429 259 3
429 287 3
429 289 3
429 292 3
429 428 6
429 584 6
430 33 3
430 87 3
430 189 3
430 217 3
430 284 3
430 335 3
431 35 3
431 74 3
431 181 3
431 513 6
431 560 6
432 33 3
432 55 3
432 99 3
432 148 3
432 156 3
432 189 3
432 197 3
432 333 3
432 334 3
432 423 6
432 444 6
432 445 6
432 454 6
432 581 6
433 33 3
433 55 3
433 99 3
433 148 3
433 156 3
433 189 3
433 197 3
433 333 3
433 334 3
433 376 6
433 445 6
433 455 6
433 514 6
433 581 6
434 33 3
434 42 4
434 87 3
434 102 3
434 259 3
434 266 3
435 25 3
435 156 3
435 537 6
436 61 3
436 344 3
436 439 6
437 49 3
437 93 3
437 164 3
437 241 3
437 255 3
437 330 3
438 93 3
438 164 3
438 241 3
438 255 3
438 330 3
439 69 3
439 133 3
439 137 3
439 161 3
439 189 3
439 196 3
439 240 3
439 256 3
439 286 3
439 287 3
439 293 3
439 334 3
439 436 6
439 460 6
440 5 3
440 7 3
440 21 3
440 25 3
440 33 3
440 35 3
440 46 3
440 63 3
440 74 3
440 93 3
440 105 3
440 114 3
440 124 3
440 126 3
440 151 4
440 171 3
440 190 3
440 217 3
440 254 3
440 259 3
440 266 3
440 292 3
440 297 3
440 300 3
440 328 3
440 346 3
440 351 3
440 357 3
440 558 6
441 33 3
441 49 3
441 82 3
441 147 4
441 154 4
441 197 3
441 219 4
441 250 3
441 296 3
441 340 4
442 33 3
442 49 3
442 82 3
442 154 4
442 197 3
442 250 3
442 296 3
443 0 3
443 5 3
443 17 4
443 31 3
443 34 3
443 35 3
443 36 3
443 47 3
443 69 3
443 71 3
443 79 4
443 85 4
443 105 3
443 106 3
443 111 3
443 112 4
443 116 3
443 131 3
443 146 4
443 191 3
443 196 3
443 209 4
443 223 3
443 229 4
443 261 4
443 268 3
443 288 3
443 308 4
443 314 4
443 330 3
443 351 3
443 459 6
444 0 3
444 21 3
444 33 3
444 38 3
444 55 3
444 63 3
444 69 3
444 73 3
444 93 3
444 96 3
444 99 3
444 101 3
444 103 3
444 124 3
444 132 3
444 145 3
444 148 3
444 156 3
444 161 3
444 167 3
444 181 3
444 189 3
444 197 3
444 217 3
444 256 3
444 257 3
444 259 3
444 292 3
444 332 3
444 334 3
444 423 6
444 432 6
444 445 6
444 454 6
444 581 6
445 0 3
445 12 4
445 21 3
445 33 3
445 38 3
445 43 4
445 55 3
445 63 3
445 69 3
445 73 3
445 77 4
445 83 4
445 93 3
445 96 3
445 99 3
445 101 3
445 103 3
445 124 3
445 132 3
445 143 4
445 145 3
445 148 3
445 156 3
445 161 3
445 167 3
445 181 3
445 189 3
445 197 3
445 208 4
445 217 3
445 226 4
445 256 3
445 257 3
445 259 3
445 274 4
445 278 4
445 292 3
445 294 4
445 303 4
445 306 4
445 308 4
445 313 4
445 316 4
445 332 3
445 334 3
445 376 6
445 423 6
445 432 6
445 433 6
445 444 6
445 454 6
445 455 6
445 514 6
445 581 6
446 21 3
446 26 3
446 33 3
446 67 3
446 86 3
446 148 3
446 217 3
446 240 3
446 251 3
446 259 3
446 263 3
446 287 3
446 300 3
446 318 3
446 330 3
446 356 3
446 447 6
446 538 6
447 0 3
447 38 3
447 47 3
447 66 3
447 69 3
447 111 3
447 181 3
447 190 3
447 191 3
447 196 3
447 197 3
447 235 3
447 242 3
447 248 3
447 266 3
447 289 3
447 297 3
447 300 3
447 301 3
447 303 4
447 347 3
447 351 3
447 446 6
447 538 6
448 0 3
448 38 3
448 47 3
448 66 3
448 69 3
448 111 3
448 181 3
448 190 3
448 191 3
448 196 3
448 197 3
448 235 3
448 242 3
448 248 3
448 266 3
448 289 3
448 297 3
448 300 3
448 301 3
448 347 3
448 351 3
448 405 6
449 71 3
449 332 3
450 5 3
450 15 3
450 21 3
450 47 3
450 62 3
450 64 3
450 65 3
450 74 3
450 78 3
450 87 3
450 93 3
450 96 3
450 111 3
450 135 3
450 137 3
450 156 3
450 161 3
450 164 3
450 166 3
450 191 3
450 193 3
450 197 3
450 248 3
450 277 3
450 287 3
450 307 3
450 330 3
450 332 3
450 335 3
450 344 3
450 347 3
450 351 3
450 352 3
451 5 3
451 25 3
451 33 3
451 38 3
451 45 3
451 74 3
451 87 3
451 157 3
451 164 3
451 170 3
451 240 3
451 250 3
451 252 3
451 259 3
451 289 3
451 296 3
451 307 3
451 332 3
451 335 3
452 38 3
452 172 4
452 175 3
452 310 3
452 325 3
452 334 3
452 351 3
452 357 3
453 0 3
453 19 3
453 25 3
453 33 3
453 35 3
453 45 3
453 47 3
453 78 3
453 111 3
453 113 3
453 132 3
453 135 3
453 153 3
453 163 3
453 164 3
453 197 3
453 207 3
453 233 3
453 240 3
453 299 4
453 300 3
453 334 3
453 351 3
453 396 6
454 0 3
454 5 3
454 33 3
454 37 3
454 65 3
454 69 3
454 85 4
454 93 3
454 96 3
454 99 3
454 124 3
454 132 3
454 172 4
454 174 3
454 181 3
454 189 3
454 197 3
454 212 3
454 266 3
454 276 3
454 296 3
454 297 3
454 311 3
454 325 3
454 332 3
454 335 3
454 337 3
454 343 4
454 351 3
454 423 6
454 432 6
454 444 6
454 445 6
454 581 6
455 0 3
455 5 3
455 33 3
455 37 3
455 65 3
455 69 3
455 85 4
455 93 3
455 96 3
455 99 3
455 124 3
455 132 3
455 172 4
455 174 3
455 181 3
455 189 3
455 197 3
455 212 3
455 266 3
455 276 3
455 296 3
455 297 3
455 311 3
455 325 3
455 332 3
455 335 3
455 337 3
455 343 4
455 351 3
455 376 6
455 433 6
455 445 6
455 514 6
455 581 6
456 105 3
456 156 3
456 184 4
456 197 3
456 242 3
456 281 3
456 297 3
456 303 4
456 310 3
456 330 3
456 331 3
456 332 3
456 333 3
457 25 3
458 5 3
458 9 4
458 21 3
458 45 3
458 47 3
458 55 3
458 63 3
458 73 3
458 93 3
458 105 3
458 137 3
458 156 3
458 163 3
458 172 4
458 207 3
458 221 3
458 233 3
458 240 3
458 287 3
458 310 3
458 328 3
458 332 3
458 334 3
458 394 6
459 61 3
459 164 3
459 181 3
459 184 4
459 300 3
459 333 3
459 357 3
459 443 6
460 61 3
460 344 3
460 439 6
461 0 3
461 1 3
461 5 3
461 8 3
461 21 3
461 35 3
461 38 3
461 47 3
461 69 3
461 87 3
461 99 3
461 104 3
461 113 3
461 124 3
461 125 3
461 137 3
461 145 3
461 151 4
461 156 3
461 170 3
461 175 3
461 186 3
461 191 3
461 207 3
461 210 3
461 217 3
461 233 3
461 250 3
461 254 3
461 277 3
461 287 3
461 297 3
461 300 3
461 332 3
461 337 3
461 347 3
461 352 3
461 462 6
462 72 3
462 111 3
462 190 3
462 271 3
462 300 3
462 332 3
462 461 6
463 49 3
463 55 3
463 69 3
463 73 3
463 132 3
463 146 4
463 151 4
463 190 3
463 210 3
463 259 3
463 287 3
463 289 3
463 292 3
464 0 3
464 35 3
464 39 3
464 69 3
464 105 3
464 124 3
464 229 4
464 256 3
464 289 3
464 300 3
464 302 4
464 332 3
464 337 3
465 5 3
465 14 3
465 64 3
465 93 3
465 189 3
465 322 3
465 347 3
466 35 3
466 61 3
466 64 3
466 112 4
466 217 3
466 242 3
466 251 3
466 301 3
466 302 4
466 334 3
466 467 6
467 35 3
467 61 3
467 64 3
467 112 4
467 217 3
467 242 3
467 251 3
467 301 3
467 302 4
467 334 3
467 466 6
468 58 3
468 99 3
468 148 3
468 189 3
468 217 3
468 284 3
468 332 3
469 5 3
469 16 3
469 61 3
469 86 3
469 113 3
469 239 3
469 286 3
469 288 3
469 545 6
470 0 3
470 5 3
470 42 4
470 60 3
470 67 3
470 69 3
470 74 3
470 82 3
470 87 3
470 93 3
470 96 3
470 101 3
470 102 3
470 103 3
470 113 3
470 131 3
470 132 3
470 145 3
470 153 3
470 161 3
470 165 3
470 172 4
470 181 3
470 197 3
470 207 3
470 244 3
470 265 3
470 293 3
470 310 3
470 318 3
470 330 3
470 332 3
470 350 4
470 472 6
470 476 6
471 0 3
471 5 3
471 42 4
471 60 3
471 67 3
471 69 3
471 74 3
471 82 3
471 85 4
471 87 3
471 93 3
471 96 3
471 101 3
471 102 3
471 103 3
471 113 3
471 131 3
471 132 3
471 145 3
471 153 3
471 161 3
471 165 3
471 172 4
471 181 3
471 197 3
471 207 3
471 244 3
471 265 3
471 293 3
471 310 3
471 318 3
471 330 3
471 332 3
471 350 4
471 472 6
471 477 6
472 6 3
472 19 3
472 21 3
472 61 3
472 69 3
472 76 4
472 79 4
472 90 4
472 123 3
472 124 3
472 125 3
472 127 4
472 145 3
472 155 3
472 156 3
472 164 3
472 167 3
472 172 4
472 191 3
472 198 3
472 203 4
472 206 4
472 211 3
472 219 4
472 220 4
472 229 4
472 240 3
472 249 3
472 256 3
472 265 3
472 274 4
472 278 4
472 279 4
472 284 3
472 287 3
472 306 4
472 346 3
472 347 3
472 470 6
472 471 6
472 476 6
472 477 6
473 2 3
473 6 3
473 9 4
473 15 3
473 19 3
473 28 3
473 30 3
473 35 3
473 42 4
473 66 3
473 73 3
473 102 3
473 103 3
473 108 3
473 110 3
473 123 3
473 136 3
473 175 3
473 223 3
473 235 3
473 256 3
473 265 3
473 282 3
473 296 3
473 297 3
473 325 3
473 330 3
473 343 4
473 357 3
473 377 6
473 583 6
474 0 3
474 6 3
474 15 3
474 26 3
474 33 3
474 38 3
474 46 3
474 55 3
474 65 3
474 67 3
474 69 3
474 71 3
474 85 4
474 86 3
474 96 3
474 146 4
474 175 3
474 181 3
474 189 3
474 193 3
474 196 3
474 197 3
474 211 3
474 263 3
474 276 3
474 316 4
474 356 3
475 0 3
475 6 3
475 15 3
475 26 3
475 33 3
475 38 3
475 46 3
475 55 3
475 65 3
475 67 3
475 69 3
475 71 3
475 85 4
475 86 3
475 96 3
475 175 3
475 181 3
475 189 3
475 193 3
475 196 3
475 197 3
475 211 3
475 263 3
475 276 3
475 356 3
476 0 3
476 1 3
476 5 3
476 17 4
476 21 3
476 35 3
476 38 3
476 87 3
476 99 3
476 103 3
476 111 3
476 113 3
476 137 3
476 145 3
476 148 3
476 151 4
476 156 3
476 161 3
476 162 3
476 175 3
476 186 3
476 191 3
476 192 3
476 207 3
476 233 3
476 250 3
476 259 3
476 277 3
476 287 3
476 300 3
476 332 3
476 347 3
476 352 3
476 357 3
476 470 6
476 472 6
477 0 3
477 1 3
477 5 3
477 17 4
477 21 3
477 35 3
477 38 3
477 85 4
477 87 3
477 99 3
477 103 3
477 111 3
477 113 3
477 137 3
477 145 3
477 148 3
477 151 4
477 156 3
477 161 3
477 162 3
477 175 3
477 186 3
477 191 3
477 192 3
477 207 3
477 233 3
477 250 3
477 259 3
477 277 3
477 287 3
477 300 3
477 332 3
477 347 3
477 352 3
477 357 3
477 471 6
477 472 6
478 71 3
478 73 3
478 112 4
479 233 3
479 339 3
480 2 3
480 21 3
480 33 3
480 74 3
480 117 3
480 123 3
480 126 3
480 233 3
480 248 3
480 252 3
480 277 3
480 332 3
480 351 3
480 381 6
480 382 6
480 397 6
480 418 6
480 484 6
480 501 6
480 516 6
480 523 6
480 524 6
480 525 6
480 526 6
480 528 6
480 529 6
480 530 6
480 532 6
480 533 6
480 534 6
480 549 6
480 552 6
480 555 6
480 556 6
480 557 6
480 566 6
480 568 6
480 572 6
480 573 6
480 576 6
481 3 3
481 5 3
481 21 3
481 33 3
481 49 3
481 50 3
481 51 3
481 94 4
481 96 3
481 102 3
481 112 4
481 114 3
481 137 3
481 148 3
481 156 3
481 160 3
481 176 3
481 189 3
481 191 3
481 192 3
481 212 3
481 218 3
481 244 3
481 249 3
481 250 3
481 266 3
481 307 3
481 310 3
481 324 3
481 330 3
481 351 3
481 482 6
482 3 3
482 5 3
482 21 3
482 33 3
482 49 3
482 50 3
482 51 3
482 85 4
482 94 4
482 96 3
482 102 3
482 112 4
482 114 3
482 134 4
482 137 3
482 141 4
482 146 4
482 148 3
482 156 3
482 160 3
482 176 3
482 178 4
482 189 3
482 191 3
482 192 3
482 208 4
482 212 3
482 218 3
482 244 3
482 249 3
482 250 3
482 266 3
482 307 3
482 310 3
482 316 4
482 324 3
482 330 3
482 351 3
482 359 4
482 481 6
482 483 6
483 3 3
483 5 3
483 21 3
483 33 3
483 49 3
483 50 3
483 51 3
483 94 4
483 96 3
483 102 3
483 112 4
483 114 3
483 137 3
483 148 3
483 156 3
483 160 3
483 176 3
483 189 3
483 191 3
483 192 3
483 212 3
483 218 3
483 244 3
483 249 3
483 250 3
483 266 3
483 307 3
483 310 3
483 324 3
483 330 3
483 351 3
483 482 6
484 25 3
484 26 3
484 33 3
484 69 3
484 71 3
484 73 3
484 96 3
484 99 3
484 105 3
484 125 3
484 135 3
484 136 3
484 145 3
484 160 3
484 181 3
484 248 3
484 277 3
484 292 3
484 303 4
484 310 3
484 334 3
484 343 4
484 349 3
484 356 3
484 357 3
484 381 6
484 382 6
484 397 6
484 418 6
484 480 6
484 501 6
484 516 6
484 523 6
484 524 6
484 525 6
484 526 6
484 528 6
484 529 6
484 530 6
484 532 6
484 533 6
484 534 6
484 549 6
484 552 6
484 555 6
484 556 6
484 557 6
484 566 6
484 568 6
484 572 6
484 573 6
484 576 6
485 0 3
485 26 3
485 35 3
485 63 3
485 69 3
485 78 3
485 99 3
485 114 3
485 132 3
485 156 3
485 164 3
485 166 3
485 172 4
485 207 3
485 217 3
485 240 3
485 256 3
485 259 3
485 300 3
485 330 3
485 332 3
485 345 3
485 347 3
486 0 3
486 26 3
486 35 3
486 63 3
486 69 3
486 78 3
486 99 3
486 114 3
486 132 3
486 156 3
486 164 3
486 166 3
486 172 4
486 207 3
486 217 3
486 240 3
486 256 3
486 259 3
486 300 3
486 330 3
486 332 3
486 345 3
486 347 3
486 393 6
487 0 3
487 33 3
487 37 3
487 72 3
487 74 3
487 85 4
487 86 3
487 93 3
487 106 3
487 171 3
487 174 3
487 189 3
487 197 3
487 217 3
487 311 3
487 332 3
487 337 3
487 350 4
487 351 3
487 488 6
487 489 6
487 490 6
487 515 6
488 0 3
488 33 3
488 37 3
488 72 3
488 74 3
488 85 4
488 86 3
488 93 3
488 106 3
488 171 3
488 174 3
488 189 3
488 197 3
488 217 3
488 311 3
488 332 3
488 337 3
488 350 4
488 351 3
488 487 6
488 489 6
488 490 6
488 515 6
489 0 3
489 33 3
489 37 3
489 72 3
489 74 3
489 85 4
489 86 3
489 93 3
489 96 3
489 102 3
489 106 3
489 171 3
489 174 3
489 181 3
489 189 3
489 190 3
489 197 3
489 217 3
489 277 3
489 311 3
489 332 3
489 337 3
489 350 4
489 351 3
489 356 3
489 487 6
489 488 6
489 490 6
489 515 6
490 0 3
490 33 3
490 37 3
490 72 3
490 74 3
490 85 4
490 86 3
490 93 3
490 106 3
490 171 3
490 174 3
490 189 3
490 197 3
490 217 3
490 311 3
490 332 3
490 337 3
490 350 4
490 351 3
490 487 6
490 488 6
490 489 6
490 515 6
491 2 3
491 5 3
491 25 3
491 28 3
491 35 3
491 37 3
491 45 3
491 63 3
491 66 3
491 87 3
491 103 3
491 117 3
491 123 3
491 132 3
491 136 3
491 181 3
491 191 3
491 197 3
491 201 3
491 218 3
491 235 3
491 240 3
491 241 3
491 244 3
491 249 3
491 288 3
491 292 3
491 335 3
491 355 3
492 2 3
492 5 3
492 25 3
492 28 3
492 35 3
492 37 3
492 45 3
492 63 3
492 66 3
492 87 3
492 103 3
492 117 3
492 123 3
492 132 3
492 136 3
492 181 3
492 191 3
492 197 3
492 201 3
492 218 3
492 235 3
492 240 3
492 241 3
492 244 3
492 249 3
492 288 3
492 292 3
492 335 3
492 355 3
492 494 6
493 5 3
493 25 3
493 28 3
493 35 3
493 37 3
493 42 4
493 63 3
493 66 3
493 87 3
493 103 3
493 117 3
493 123 3
493 132 3
493 136 3
493 191 3
493 197 3
493 201 3
493 218 3
493 235 3
493 240 3
493 241 3
493 244 3
493 249 3
493 288 3
493 292 3
493 316 4
493 335 3
493 355 3
493 495 6
494 2 3
494 5 3
494 25 3
494 28 3
494 35 3
494 37 3
494 45 3
494 63 3
494 66 3
494 87 3
494 103 3
494 117 3
494 123 3
494 132 3
494 136 3
494 181 3
494 191 3
494 197 3
494 201 3
494 218 3
494 235 3
494 240 3
494 241 3
494 244 3
494 249 3
494 288 3
494 292 3
494 335 3
494 355 3
494 492 6
495 2 3
495 5 3
495 25 3
495 28 3
495 35 3
495 37 3
495 45 3
495 63 3
495 66 3
495 87 3
495 103 3
495 117 3
495 123 3
495 132 3
495 136 3
495 181 3
495 191 3
495 197 3
495 201 3
495 218 3
495 235 3
495 240 3
495 241 3
495 244 3
495 249 3
495 288 3
495 292 3
495 335 3
495 355 3
495 493 6
496 42 4
496 69 3
496 105 3
496 137 3
496 197 3
496 276 3
496 277 3
496 307 3
497 2 3
497 6 3
497 15 3
497 19 3
497 28 3
497 30 3
497 35 3
497 42 4
497 66 3
497 73 3
497 102 3
497 103 3
497 108 3
497 110 3
497 123 3
497 136 3
497 175 3
497 223 3
497 235 3
497 256 3
497 265 3
497 282 3
497 296 3
497 297 3
497 325 3
497 330 3
497 343 4
497 357 3
498 16 3
498 33 3
498 45 3
498 63 3
498 65 3
498 69 3
498 93 3
498 151 4
498 153 3
498 171 3
498 184 4
498 240 3
498 332 3
498 343 4
498 355 3
499 16 3
499 33 3
499 45 3
499 63 3
499 65 3
499 69 3
499 93 3
499 151 4
499 153 3
499 171 3
499 184 4
499 240 3
499 332 3
499 343 4
499 355 3
500 271 3
500 301 3
501 16 3
501 67 3
501 82 3
501 102 3
501 179 3
501 248 3
501 250 3
501 256 3
501 296 3
501 331 3
501 381 6
501 382 6
501 397 6
501 418 6
501 480 6
501 484 6
501 516 6
501 523 6
501 524 6
501 525 6
501 526 6
501 528 6
501 529 6
501 530 6
501 532 6
501 533 6
501 534 6
501 549 6
501 552 6
501 555 6
501 556 6
501 557 6
501 566 6
501 568 6
501 572 6
501 573 6
501 576 6
502 0 3
502 5 3
502 23 3
502 26 3
502 39 3
502 45 3
502 55 3
502 61 3
502 73 3
502 135 3
502 156 3
502 160 3
502 161 3
502 175 3
502 181 3
502 210 3
502 212 3
502 233 3
502 283 3
502 285 3
502 296 3
502 297 3
502 310 3
502 337 3
502 343 4
503 124 3
503 156 3
503 334 3
504 38 3
504 50 3
504 172 4
504 357 3
505 49 3
505 96 3
505 103 3
505 170 3
505 196 3
505 240 3
505 267 3
505 328 3
505 334 3
506 0 3
506 19 3
506 72 3
506 123 3
506 187 3
506 197 3
506 297 3
506 299 4
506 343 4
507 0 3
507 2 3
507 4 3
507 5 3
507 21 3
507 33 3
507 63 3
507 71 3
507 74 3
507 85 4
507 93 3
507 99 3
507 102 3
507 105 3
507 108 3
507 151 4
507 156 3
507 170 3
507 172 4
507 174 3
507 181 3
507 190 3
507 197 3
507 207 3
507 235 3
507 257 3
507 276 3
507 297 3
507 300 3
507 304 3
507 334 3
507 352 3
508 8 3
508 23 3
508 96 3
508 103 3
508 113 3
508 161 3
508 172 4
508 276 3
508 288 3
508 300 3
509 47 3
509 105 3
509 156 3
509 189 3
509 250 3
510 113 3
510 114 3
510 187 3
510 207 3
510 223 3
510 235 3
510 288 3
510 300 3
510 310 3
511 19 3
511 113 3
511 114 3
511 187 3
511 207 3
511 223 3
511 235 3
511 250 3
511 288 3
511 300 3
511 310 3
512 25 3
512 105 3
512 196 3
512 207 3
512 223 3
512 252 3
512 300 3
512 310 3
512 330 3
512 332 3
512 343 4
512 351 3
513 16 3
513 63 3
513 67 3
513 82 3
513 102 3
513 179 3
513 248 3
513 250 3
513 256 3
513 296 3
513 307 3
513 331 3
513 431 6
513 560 6
514 2 3
514 6 3
514 15 3
514 19 3
514 28 3
514 30 3
514 35 3
514 42 4
514 66 3
514 73 3
514 102 3
514 103 3
514 108 3
514 110 3
514 123 3
514 136 3
514 175 3
514 223 3
514 235 3
514 256 3
514 265 3
514 282 3
514 296 3
514 297 3
514 325 3
514 330 3
514 343 4
514 357 3
514 376 6
514 433 6
514 445 6
514 455 6
514 581 6
515 2 3
515 6 3
515 15 3
515 19 3
515 28 3
515 30 3
515 35 3
515 42 4
515 66 3
515 73 3
515 102 3
515 103 3
515 108 3
515 110 3
515 123 3
515 136 3
515 175 3
515 223 3
515 235 3
515 256 3
515 265 3
515 282 3
515 296 3
515 297 3
515 325 3
515 330 3
515 343 4
515 357 3
515 487 6
515 488 6
515 489 6
515 490 6
516 0 3
516 2 3
516 21 3
516 26 3
516 35 3
516 42 4
516 43 4
516 113 3
516 161 3
516 193 3
516 196 3
516 211 3
516 296 3
516 301 3
516 347 3
516 352 3
516 381 6
516 382 6
516 397 6
516 418 6
516 480 6
516 484 6
516 501 6
516 523 6
516 524 6
516 525 6
516 526 6
516 528 6
516 529 6
516 530 6
516 532 6
516 533 6
516 534 6
516 549 6
516 552 6
516 555 6
516 556 6
516 557 6
516 566 6
516 568 6
516 572 6
516 573 6
516 576 6
517 5 3
517 33 3
517 47 3
517 163 3
517 189 3
517 210 3
517 223 3
518 47 3
518 49 3
518 63 3
518 93 3
518 124 3
518 197 3
518 210 3
518 297 3
518 303 4
518 330 3
518 519 6
518 520 6
519 0 3
519 33 3
519 37 3
519 72 3
519 74 3
519 85 4
519 86 3
519 93 3
519 106 3
519 171 3
519 174 3
519 189 3
519 197 3
519 217 3
519 311 3
519 332 3
519 337 3
519 350 4
519 351 3
519 518 6
519 520 6
520 0 3
520 33 3
520 37 3
520 72 3
520 74 3
520 85 4
520 86 3
520 93 3
520 106 3
520 171 3
520 174 3
520 189 3
520 197 3
520 217 3
520 311 3
520 332 3
520 337 3
520 350 4
520 351 3
520 518 6
520 519 6
521 5 3
521 14 3
521 15 3
521 21 3
521 26 3
521 32 3
521 42 4
521 43 4
521 103 3
521 113 3
521 151 4
521 196 3
521 210 3
521 211 3
521 242 3
521 256 3
521 296 3
521 321 3
521 337 3
521 347 3
521 349 3
521 352 3
521 356 3
522 14 3
522 33 3
522 163 3
522 170 3
522 184 4
522 197 3
522 321 3
523 43 4
523 137 3
523 223 3
523 240 3
523 266 3
523 381 6
523 382 6
523 397 6
523 418 6
523 480 6
523 484 6
523 501 6
523 516 6
523 524 6
523 525 6
523 526 6
523 528 6
523 529 6
523 530 6
523 532 6
523 533 6
523 534 6
523 549 6
523 552 6
523 555 6
523 556 6
523 557 6
523 566 6
523 568 6
523 572 6
523 573 6
523 576 6
524 43 4
524 137 3
524 223 3
524 240 3
524 266 3
524 381 6
524 382 6
524 397 6
524 418 6
524 480 6
524 484 6
524 501 6
524 516 6
524 523 6
524 525 6
524 526 6
524 528 6
524 529 6
524 530 6
524 532 6
524 533 6
524 534 6
524 549 6
524 552 6
524 555 6
524 556 6
524 557 6
524 566 6
524 568 6
524 572 6
524 573 6
524 576 6
525 0 3
525 38 3
525 78 3
525 137 3
525 154 4
525 381 6
525 382 6
525 397 6
525 418 6
525 480 6
525 484 6
525 501 6
525 516 6
525 523 6
525 524 6
525 526 6
525 528 6
525 529 6
525 530 6
525 532 6
525 533 6
525 534 6
525 549 6
525 552 6
525 555 6
525 556 6
525 557 6
525 566 6
525 568 6
525 572 6
525 573 6
525 576 6
526 5 3
526 23 3
526 61 3
526 103 3
526 217 3
526 334 3
526 351 3
526 381 6
526 382 6
526 397 6
526 418 6
526 480 6
526 484 6
526 501 6
526 516 6
526 523 6
526 524 6
526 525 6
526 528 6
526 529 6
526 530 6
526 532 6
526 533 6
526 534 6
526 549 6
526 552 6
526 555 6
526 556 6
526 557 6
526 566 6
526 568 6
526 572 6
526 573 6
526 576 6
527 66 3
527 69 3
528 5 3
528 55 3
528 78 3
528 103 3
528 161 3
528 250 3
528 300 3
528 334 3
528 335 3
528 381 6
528 382 6
528 397 6
528 418 6
528 480 6
528 484 6
528 501 6
528 516 6
528 523 6
528 524 6
528 525 6
528 526 6
528 529 6
528 530 6
528 532 6
528 533 6
528 534 6
528 549 6
528 552 6
528 555 6
528 556 6
528 557 6
528 566 6
528 568 6
528 572 6
528 573 6
528 576 6
529 25 3
529 26 3
529 33 3
529 69 3
529 71 3
529 73 3
529 96 3
529 99 3
529 105 3
529 125 3
529 135 3
529 136 3
529 145 3
529 160 3
529 181 3
529 248 3
529 277 3
529 292 3
529 303 4
529 310 3
529 334 3
529 343 4
529 349 3
529 356 3
529 357 3
529 381 6
529 382 6
529 397 6
529 418 6
529 480 6
529 484 6
529 501 6
529 516 6
529 523 6
529 524 6
529 525 6
529 526 6
529 528 6
529 530 6
529 532 6
529 533 6
529 534 6
529 549 6
529 552 6
529 555 6
529 556 6
529 557 6
529 566 6
529 568 6
529 572 6
529 573 6
529 576 6
530 21 3
530 49 3
530 74 3
530 96 3
530 102 3
530 132 3
530 148 3
530 164 3
530 296 3
530 333 3
530 381 6
530 382 6
530 397 6
530 418 6
530 480 6
530 484 6
530 501 6
530 516 6
530 523 6
530 524 6
530 525 6
530 526 6
530 528 6
530 529 6
530 532 6
530 533 6
530 534 6
530 549 6
530 552 6
530 555 6
530 556 6
530 557 6
530 566 6
530 568 6
530 572 6
530 573 6
530 576 6
531 10 3
531 33 3
531 85 4
531 105 3
531 112 4
531 126 3
531 172 4
531 187 3
531 196 3
531 252 3
531 332 3
531 336 3
531 351 3
532 5 3
532 33 3
532 45 3
532 47 3
532 93 3
532 96 3
532 145 3
532 210 3
532 250 3
532 343 4
532 381 6
532 382 6
532 397 6
532 418 6
532 480 6
532 484 6
532 501 6
532 516 6
532 523 6
532 524 6
532 525 6
532 526 6
532 528 6
532 529 6
532 530 6
532 533 6
532 534 6
532 549 6
532 552 6
532 555 6
532 556 6
532 557 6
532 566 6
532 568 6
532 572 6
532 573 6
532 576 6
533 6 3
533 25 3
533 26 3
533 38 3
533 61 3
533 66 3
533 105 3
533 113 3
533 137 3
533 211 3
533 223 3
533 256 3
533 296 3
533 297 3
533 321 3
533 332 3
533 339 3
533 357 3
533 381 6
533 382 6
533 397 6
533 418 6
533 480 6
533 484 6
533 501 6
533 516 6
533 523 6
533 524 6
533 525 6
533 526 6
533 528 6
533 529 6
533 530 6
533 532 6
533 534 6
533 549 6
533 552 6
533 555 6
533 556 6
533 557 6
533 566 6
533 568 6
533 572 6
533 573 6
533 576 6
534 5 3
534 55 3
534 63 3
534 69 3
534 161 3
534 197 3
534 300 3
534 332 3
534 334 3
534 335 3
534 381 6
534 382 6
534 397 6
534 418 6
534 480 6
534 484 6
534 501 6
534 516 6
534 523 6
534 524 6
534 525 6
534 526 6
534 528 6
534 529 6
534 530 6
534 532 6
534 533 6
534 549 6
534 552 6
534 555 6
534 556 6
534 557 6
534 566 6
534 568 6
534 572 6
534 573 6
534 576 6
535 37 3
535 300 3
535 310 3
535 337 3
536 5 3
536 7 3
536 21 3
536 25 3
536 33 3
536 35 3
536 46 3
536 63 3
536 74 3
536 93 3
536 105 3
536 114 3
536 124 3
536 126 3
536 151 4
536 171 3
536 190 3
536 217 3
536 254 3
536 259 3
536 266 3
536 292 3
536 297 3
536 300 3
536 328 3
536 346 3
536 351 3
536 357 3
536 561 6
536 567 6
537 102 3
537 117 3
537 123 3
537 189 3
537 288 3
537 300 3
537 332 3
537 435 6
538 0 3
538 38 3
538 47 3
538 66 3
538 69 3
538 111 3
538 181 3
538 190 3
538 191 3
538 196 3
538 197 3
538 235 3
538 242 3
538 248 3
538 266 3
538 289 3
538 297 3
538 300 3
538 301 3
538 303 4
538 347 3
538 351 3
538 446 6
538 447 6
539 0 3
539 26 3
539 35 3
539 63 3
539 69 3
539 78 3
539 99 3
539 114 3
539 132 3
539 156 3
539 164 3
539 166 3
539 172 4
539 207 3
539 217 3
539 240 3
539 256 3
539 259 3
539 300 3
539 330 3
539 332 3
539 345 3
539 347 3
540 103 3
540 400 6
540 541 6
540 554 6
541 2 3
541 223 3
541 235 3
541 307 3
541 400 6
541 540 6
541 554 6
542 33 3
542 65 3
542 66 3
542 74 3
542 87 3
542 93 3
542 124 3
542 184 4
542 201 3
542 242 3
542 277 3
542 325 3
542 332 3
542 337 3
543 19 3
543 113 3
543 114 3
543 187 3
543 207 3
543 223 3
543 235 3
543 250 3
543 288 3
543 300 3
543 310 3
543 544 6
544 19 3
544 113 3
544 114 3
544 187 3
544 207 3
544 223 3
544 235 3
544 250 3
544 288 3
544 300 3
544 310 3
544 543 6
545 5 3
545 25 3
545 66 3
545 181 3
545 300 3
545 318 3
545 333 3
545 351 3
545 469 6
546 0 3
546 26 3
546 63 3
546 69 3
546 78 3
546 99 3
546 114 3
546 132 3
546 146 4
546 156 3
546 164 3
546 166 3
546 240 3
546 259 3
546 260 4
546 261 4
546 332 3
546 345 3
546 347 3
547 45 3
547 50 3
547 69 3
547 93 3
547 96 3
547 105 3
547 113 3
547 176 3
547 197 3
547 232 3
547 259 3
547 287 3
547 293 3
547 310 3
547 328 3
547 332 3
547 352 3
547 357 3
548 223 3
548 250 3
548 256 3
548 282 3
548 304 3
549 93 3
549 164 3
549 172 4
549 211 3
549 224 3
549 250 3
549 299 4
549 332 3
549 334 3
549 381 6
549 382 6
549 397 6
549 418 6
549 480 6
549 484 6
549 501 6
549 516 6
549 523 6
549 524 6
549 525 6
549 526 6
549 528 6
549 529 6
549 530 6
549 532 6
549 533 6
549 534 6
549 552 6
549 555 6
549 556 6
549 557 6
549 566 6
549 568 6
549 572 6
549 573 6
549 576 6
550 38 3
550 45 3
550 61 3
550 69 3
550 102 3
551 297 3
552 150 4
552 297 3
552 381 6
552 382 6
552 397 6
552 418 6
552 480 6
552 484 6
552 501 6
552 516 6
552 523 6
552 524 6
552 525 6
552 526 6
552 528 6
552 529 6
552 530 6
552 532 6
552 533 6
552 534 6
552 549 6
552 555 6
552 556 6
552 557 6
552 566 6
552 568 6
552 572 6
552 573 6
552 576 6
553 250 3
554 21 3
554 38 3
554 47 3
554 62 3
554 96 3
554 103 3
554 105 3
554 125 3
554 148 3
554 172 4
554 176 3
554 197 3
554 301 3
554 334 3
554 356 3
554 357 3
554 400 6
554 540 6
554 541 6
555 17 4
555 25 3
555 26 3
555 33 3
555 61 3
555 62 3
555 69 3
555 102 3
555 105 3
555 148 3
555 189 3
555 263 3
555 381 6
555 382 6
555 397 6
555 418 6
555 480 6
555 484 6
555 501 6
555 516 6
555 523 6
555 524 6
555 525 6
555 526 6
555 528 6
555 529 6
555 530 6
555 532 6
555 533 6
555 534 6
555 549 6
555 552 6
555 556 6
555 557 6
555 566 6
555 568 6
555 572 6
555 573 6
555 576 6
556 2 3
556 23 3
556 25 3
556 28 3
556 37 3
556 45 3
556 63 3
556 66 3
556 68 3
556 87 3
556 105 3
556 148 3
556 181 3
556 184 4
556 211 3
556 235 3
556 251 3
556 259 3
556 300 3
556 301 3
556 307 3
556 330 3
556 335 3
556 381 6
556 382 6
556 397 6
556 418 6
556 480 6
556 484 6
556 501 6
556 516 6
556 523 6
556 524 6
556 525 6
556 526 6
556 528 6
556 529 6
556 530 6
556 532 6
556 533 6
556 534 6
556 549 6
556 552 6
556 555 6
556 557 6
556 566 6
556 568 6
556 572 6
556 573 6
556 576 6
557 35 3
557 64 3
557 69 3
557 148 3
557 276 3
557 332 3
557 339 3
557 381 6
557 382 6
557 397 6
557 418 6
557 480 6
557 484 6
557 501 6
557 516 6
557 523 6
557 524 6
557 525 6
557 526 6
557 528 6
557 529 6
557 530 6
557 532 6
557 533 6
557 534 6
557 549 6
557 552 6
557 555 6
557 556 6
557 566 6
557 568 6
557 572 6
557 573 6
557 576 6
558 5 3
558 7 3
558 21 3
558 25 3
558 33 3
558 35 3
558 46 3
558 63 3
558 74 3
558 93 3
558 105 3
558 114 3
558 124 3
558 126 3
558 151 4
558 171 3
558 190 3
558 217 3
558 254 3
558 259 3
558 266 3
558 292 3
558 297 3
558 300 3
558 328 3
558 346 3
558 351 3
558 357 3
558 440 6
559 37 3
560 148 3
560 187 3
560 250 3
560 277 3
560 332 3
560 431 6
560 513 6
561 33 3
561 35 3
561 46 3
561 105 3
561 114 3
561 254 3
561 297 3
561 536 6
561 567 6
562 25 3
563 21 3
563 32 3
563 33 3
563 38 3
563 45 3
563 63 3
563 65 3
563 93 3
563 106 3
563 145 3
563 155 3
563 165 3
563 191 3
563 198 3
563 212 3
563 223 3
563 240 3
563 251 3
563 256 3
563 277 3
563 287 3
563 310 3
563 337 3
563 350 4
564 0 3
564 5 3
564 33 3
564 37 3
564 65 3
564 69 3
564 85 4
564 93 3
564 96 3
564 99 3
564 124 3
564 132 3
564 172 4
564 174 3
564 181 3
564 189 3
564 197 3
564 212 3
564 266 3
564 276 3
564 296 3
564 297 3
564 311 3
564 325 3
564 332 3
564 335 3
564 337 3
564 343 4
564 351 3
564 565 6
565 0 3
565 33 3
565 37 3
565 72 3
565 74 3
565 85 4
565 86 3
565 93 3
565 106 3
565 171 3
565 174 3
565 189 3
565 197 3
565 217 3
565 311 3
565 332 3
565 337 3
565 350 4
565 351 3
565 564 6
566 93 3
566 299 4
566 334 3
566 381 6
566 382 6
566 397 6
566 418 6
566 480 6
566 484 6
566 501 6
566 516 6
566 523 6
566 524 6
566 525 6
566 526 6
566 528 6
566 529 6
566 530 6
566 532 6
566 533 6
566 534 6
566 549 6
566 552 6
566 555 6
566 556 6
566 557 6
566 568 6
566 572 6
566 573 6
566 576 6
567 28 3
567 69 3
567 100 3
567 102 3
567 156 3
567 172 4
567 223 3
567 337 3
567 536 6
567 561 6
568 26 3
568 38 3
568 58 3
568 63 3
568 64 3
568 117 3
568 133 3
568 161 3
568 163 3
568 251 3
568 297 3
568 300 3
568 334 3
568 343 4
568 345 3
568 381 6
568 382 6
568 397 6
568 418 6
568 480 6
568 484 6
568 501 6
568 516 6
568 523 6
568 524 6
568 525 6
568 526 6
568 528 6
568 529 6
568 530 6
568 532 6
568 533 6
568 534 6
568 549 6
568 552 6
568 555 6
568 556 6
568 557 6
568 566 6
568 572 6
568 573 6
568 576 6
569 296 3
569 297 3
569 301 3
569 330 3
570 105 3
570 156 3
570 184 4
570 197 3
570 242 3
570 281 3
570 297 3
570 303 4
570 310 3
570 330 3
570 331 3
570 332 3
570 333 3
571 0 3
571 19 3
571 25 3
571 33 3
571 35 3
571 45 3
571 47 3
571 78 3
571 111 3
571 113 3
571 132 3
571 135 3
571 153 3
571 163 3
571 164 3
571 197 3
571 207 3
571 233 3
571 240 3
571 299 4
571 300 3
571 334 3
571 351 3
572 6 3
572 14 3
572 21 3
572 42 4
572 43 4
572 62 3
572 69 3
572 71 3
572 93 3
572 101 3
572 156 3
572 181 3
572 243 3
572 250 3
572 256 3
572 289 3
572 299 4
572 301 3
572 310 3
572 330 3
572 332 3
572 351 3
572 352 3
572 381 6
572 382 6
572 397 6
572 418 6
572 480 6
572 484 6
572 501 6
572 516 6
572 523 6
572 524 6
572 525 6
572 526 6
572 528 6
572 529 6
572 530 6
572 532 6
572 533 6
572 534 6
572 549 6
572 552 6
572 555 6
572 556 6
572 557 6
572 566 6
572 568 6
572 573 6
572 576 6
573 153 3
573 161 3
573 337 3
573 381 6
573 382 6
573 397 6
573 418 6
573 480 6
573 484 6
573 501 6
573 516 6
573 523 6
573 524 6
573 525 6
573 526 6
573 528 6
573 529 6
573 530 6
573 532 6
573 533 6
573 534 6
573 549 6
573 552 6
573 555 6
573 556 6
573 557 6
573 566 6
573 568 6
573 572 6
573 576 6
574 2 3
574 21 3
574 23 3
574 57 3
574 150 4
574 169 4
574 189 3
574 219 4
574 220 4
574 277 3
574 282 3
574 303 4
574 311 3
574 332 3
574 340 4
575 73 3
576 0 3
576 5 3
576 28 3
576 102 3
576 223 3
576 310 3
576 357 3
576 381 6
576 382 6
576 397 6
576 418 6
576 480 6
576 484 6
576 501 6
576 516 6
576 523 6
576 524 6
576 525 6
576 526 6
576 528 6
576 529 6
576 530 6
576 532 6
576 533 6
576 534 6
576 549 6
576 552 6
576 555 6
576 556 6
576 557 6
576 566 6
576 568 6
576 572 6
576 573 6
577 0 3
577 116 3
577 137 3
577 156 3
577 168 3
577 224 3
577 233 3
577 296 3
577 331 3
578 50 3
579 33 3
579 38 3
579 74 3
579 85 4
579 96 3
579 112 4
579 286 3
580 0 3
580 5 3
580 21 3
580 38 3
580 48 3
580 69 3
580 85 4
580 87 3
580 96 3
580 97 4
580 102 3
580 124 3
580 125 3
580 136 3
580 145 3
580 161 3
580 172 4
580 184 4
580 197 3
580 210 3
580 223 3
580 240 3
580 243 3
580 248 3
580 249 3
580 251 3
580 264 4
580 275 4
580 277 3
580 289 3
580 303 4
580 331 3
580 332 3
580 335 3
580 340 4
581 2 3
581 6 3
581 15 3
581 19 3
581 28 3
581 30 3
581 35 3
581 42 4
581 66 3
581 73 3
581 102 3
581 103 3
581 108 3
581 110 3
581 123 3
581 136 3
581 175 3
581 208 4
581 223 3
581 235 3
581 256 3
581 265 3
581 282 3
581 296 3
581 297 3
581 325 3
581 330 3
581 343 4
581 357 3
581 376 6
581 423 6
581 432 6
581 433 6
581 444 6
581 445 6
581 454 6
581 455 6
581 514 6
582 2 3
582 6 3
582 15 3
582 19 3
582 28 3
582 30 3
582 35 3
582 42 4
582 66 3
582 73 3
582 102 3
582 103 3
582 108 3
582 110 3
582 123 3
582 136 3
582 175 3
582 223 3
582 235 3
582 256 3
582 265 3
582 282 3
582 296 3
582 297 3
582 325 3
582 330 3
582 343 4
582 357 3
583 0 3
583 5 3
583 9 4
583 33 3
583 37 3
583 65 3
583 69 3
583 85 4
583 93 3
583 96 3
583 99 3
583 124 3
583 132 3
583 172 4
583 174 3
583 181 3
583 189 3
583 197 3
583 212 3
583 266 3
583 276 3
583 296 3
583 297 3
583 311 3
583 325 3
583 332 3
583 335 3
583 337 3
583 343 4
583 351 3
583 377 6
583 473 6
584 0 3
584 15 3
584 33 3
584 57 3
584 63 3
584 65 3
584 85 4
584 96 3
584 103 3
584 107 3
584 111 3
584 123 3
584 137 3
584 214 3
584 254 3
584 256 3
584 284 3
584 287 3
584 289 3
584 297 3
584 335 3
584 343 4
584 428 6
584 429 6
585 136 3
585 170 3
585 366 6
586 136 3
586 170 3
586 368 6
586 386 6
