587 8031 6
2 2 2 2 2 2 2 2 2 1 2 1 1 1 2 2 2 1 1 2 2 2 2 2 1 2 2 1 2 1 2 2 2 2 2 2 2 2 2 2 1 1 1 1 1 2 2 2 2 2 2 2 1 1 1 2 1 2 2 1 2 2 2 2 2 2 2 2 2 2 1 2 2 2 2 1 1 1 2 1 1 1 2 1 1 1 2 2 1 1 1 1 1 2 1 1 2 1 2 2 2 2 2 2 2 2 2 2 2 1 2 2 1 2 2 1 2 2 1 1 1 1 1 2 2 2 2 1 1 1 1 2 2 2 1 2 2 2 1 1 1 1 1 1 1 2 1 1 2 1 1 1 1 2 1 2 2 2 1 1 2 2 2 2 2 2 2 2 2 1 2 2 1 1 2 2 2 1 1 2 1 2 1 1 1 1 2 2 1 2 2 2 2 2 1 2 2 2 2 1 1 2 1 1 1 1 1 2 1 1 2 2 2 2 2 1 1 2 2 1 1 2 2 2 2 1 1 1 1 1 1 1 2 2 1 2 1 1 1 2 2 2 2 2 2 1 1 1 2 2 2 2 2 1 2 2 2 2 1 2 1 1 1 2 1 2 2 2 2 1 1 2 1 1 1 1 2 2 1 1 1 2 2 2 2 2 2 2 2 2 1 1 2 2 1 1 2 2 1 1 2 2 1 1 2 1 1 2 1 2 2 2 1 1 1 1 1 1 2 1 1 2 2 1 2 2 1 1 2 1 2 2 2 2 2 2 2 2 1 2 1 1 1 1 2 2 2 2 1 2 1 2 2 2 1 2 2 2 1 1 1 1 1 1 0 0 0 0 0 0 0 0 0 0 0 0 0 0 0 0 0 0 0 0 0 0 0 0 0 0 0 0 0 0 0 0 0 0 0 0 0 0 0 0 0 0 0 0 0 0 0 0 0 0 0 0 0 0 0 0 0 0 0 0 0 0 0 0 0 0 0 0 0 0 0 0 0 0 0 0 0 0 0 0 0 0 0 0 0 0 0 0 0 0 0 0 0 0 0 0 0 0 0 0 0 0 0 0 0 0 0 0 0 0 0 0 0 0 0 0 0 0 0 0 0 0 0 0 0 0 0 0 0 0 0 0 0 0 0 0 0 0 0 0 0 0 0 0 0 0 0 0 0 0 0 0 0 0 0 0 0 0 0 0 0 0 0 0 0 0 0 0 0 0 0 0 0 0 0 0 0 0 0 0 0 0 0 0 0 0 0 0 0 0 0 0 0 0 0 0 0 0 0 0 0 0 0 0 0 0 0 0 0 0 0 0 0 0 0 0 0 0 0 0 0 0 0
9 112 1
9 168 1
9 377 0
11 32 1
11 396 0
12 38 1
12 93 1
12 111 1
12 184 1
12 256 1
12 351 1
12 355 1
12 364 0
12 366 0
12 374 0
12 396 0
12 409 0
12 423 0
12 428 0
12 432 0
12 434 0
12 444 0
12 454 0
12 456 0
12 461 0
12 476 0
12 497 0
12 566 0
12 581 0
12 585 0
13 26 1
13 112 1
13 125 1
13 351 1
13 374 0
13 377 0
13 473 0
13 583 0
17 160 1
17 212 1
17 570 0
18 17 1
18 32 1
18 43 1
18 46 1
18 71 1
18 156 1
18 168 1
18 255 1
18 351 1
18 377 0
18 473 0
18 583 0
24 23 1
24 33 1
24 419 0
24 512 0
27 328 1
27 371 0
27 405 0
27 448 0
27 496 0
29 39 1
29 112 1
29 116 1
29 123 1
29 174 1
29 282 1
29 351 1
29 410 0
29 411 0
29 417 0
29 419 0
29 452 0
29 586 0
40 257 1
40 460 0
41 350 1
41 387 0
42 8 1
42 32 1
42 111 1
42 160 1
42 168 1
42 309 1
42 373 0
42 383 0
42 397 0
42 424 0
42 428 0
42 468 0
42 474 0
42 481 0
42 482 0
42 510 0
43 6 1
43 23 1
43 67 1
43 100 1
43 124 1
43 126 1
43 168 1
43 244 1
43 407 0
43 409 0
43 411 0
43 423 0
43 426 0
43 432 0
43 444 0
43 450 0
43 454 0
43 468 0
43 496 0
43 536 0
43 561 0
43 567 0
43 581 0
44 126 1
44 398 0
44 438 0
49 50 3
52 25 1
52 112 1
52 168 1
52 186 1
52 212 1
52 255 1
52 263 1
52 296 1
52 299 1
52 394 0
52 412 0
52 421 0
52 456 0
52 458 0
52 470 0
52 487 0
52 498 0
52 504 0
52 520 0
52 580 0
53 151 1
53 170 1
53 172 1
53 456 0
54 45 1
54 171 1
54 328 1
54 522 0
56 36 1
56 123 1
56 211 1
56 355 1
56 384 0
56 410 0
56 415 0
56 428 0
56 429 0
56 443 0
56 450 0
56 495 0
56 510 0
56 519 0
56 520 0
56 584 0
59 356 1
59 459 0
70 42 1
70 168 1
70 575 0
75 125 1
75 328 1
75 351 1
75 406 0
75 412 0
75 415 0
75 417 0
75 446 0
75 447 0
75 463 0
75 471 0
75 477 0
75 479 0
75 491 0
75 493 0
75 538 0
76 35 1
76 37 1
76 58 1
76 94 1
76 110 1
76 145 1
76 195 1
76 218 1
76 250 1
76 271 1
76 288 1
76 328 1
76 334 1
76 336 1
76 344 1
76 351 1
76 364 0
76 371 0
76 376 0
76 377 0
76 420 0
76 421 0
76 422 0
76 423 0
76 432 0
76 433 0
76 440 0
76 444 0
76 445 0
76 449 0
76 450 0
76 454 0
76 455 0
76 468 0
76 469 0
76 471 0
76 473 0
76 477 0
76 481 0
76 511 0
76 514 0
76 543 0
76 544 0
76 545 0
76 564 0
76 574 0
76 581 0
76 583 0
77 351 1
77 364 0
77 371 0
77 377 0
77 420 0
77 421 0
77 422 0
77 423 0
77 432 0
77 440 0
77 444 0
77 447 0
77 454 0
77 473 0
77 474 0
77 477 0
77 510 0
77 574 0
77 581 0
79 17 1
79 30 1
79 33 1
79 99 1
79 101 1
79 111 1
79 168 1
79 211 1
79 248 1
79 255 1
79 310 1
79 332 1
79 351 1
79 368 0
79 376 0
79 379 0
79 384 0
79 386 0
79 393 0
79 394 0
79 406 0
79 411 0
79 412 0
79 414 0
79 417 0
79 426 0
79 427 0
79 429 0
79 430 0
79 435 0
79 447 0
79 455 0
79 458 0
79 459 0
79 464 0
79 470 0
79 476 0
79 486 0
79 491 0
79 493 0
79 495 0
79 497 0
79 504 0
79 537 0
79 547 0
79 582 0
79 584 0
79 586 0
80 133 1
80 168 1
80 189 1
80 406 0
81 310 1
81 410 0
81 411 0
81 440 0
83 47 1
83 112 1
83 114 1
83 268 1
83 408 0
83 423 0
83 432 0
83 444 0
83 447 0
83 454 0
83 457 0
83 496 0
83 510 0
83 581 0
84 168 1
84 333 1
84 349 1
84 351 1
84 405 0
84 415 0
84 448 0
84 456 0
85 211 1
85 213 1
85 268 1
85 288 1
85 351 1
85 410 0
85 426 0
85 435 0
85 457 0
85 470 0
85 472 0
85 476 0
85 483 0
85 492 0
85 494 0
88 4 1
88 309 1
88 355 1
88 448 0
89 43 1
89 60 1
89 112 1
89 288 1
89 328 1
89 344 1
89 351 1
89 366 0
89 376 0
89 387 0
89 404 0
89 407 0
89 409 0
89 423 0
89 424 0
89 432 0
89 433 0
89 435 0
89 444 0
89 445 0
89 454 0
89 455 0
89 456 0
89 465 0
89 466 0
89 467 0
89 514 0
89 537 0
89 558 0
89 574 0
89 581 0
89 585 0
90 112 1
90 288 1
90 328 1
90 351 1
90 471 0
90 477 0
90 491 0
90 574 0
91 10 1
91 49 1
91 55 1
91 57 1
91 117 1
91 255 1
91 266 1
91 311 1
91 328 1
91 332 1
91 339 1
91 388 0
91 410 0
91 419 0
91 422 0
91 425 0
91 426 0
91 428 0
91 429 0
91 436 0
91 456 0
91 467 0
91 496 0
91 498 0
91 584 0
92 10 1
92 212 1
92 328 1
92 419 0
92 442 0
94 33 1
94 211 1
94 212 1
94 328 1
94 332 1
94 355 1
94 386 0
94 447 0
95 212 1
95 456 0
97 4 1
97 7 1
97 19 1
97 103 1
97 212 1
97 299 1
97 343 1
97 350 1
97 366 0
97 374 0
97 387 0
97 391 0
97 401 0
97 403 0
97 405 0
97 407 0
97 410 0
97 419 0
97 425 0
97 446 0
97 447 0
97 448 0
97 462 0
97 463 0
97 470 0
97 474 0
97 476 0
97 491 0
97 492 0
97 494 0
97 496 0
97 510 0
97 538 0
109 55 1
109 328 1
109 332 1
109 364 0
112 23 1
112 101 1
112 232 1
112 242 1
112 244 1
112 255 1
112 297 1
112 456 0
112 470 0
112 496 0
112 510 0
115 0 1
115 48 1
115 383 0
115 481 0
115 482 0
115 483 0
118 62 1
118 309 1
118 401 0
118 459 0
118 557 0
119 60 1
119 176 1
119 214 1
119 446 0
119 447 0
119 538 0
120 351 1
120 399 0
120 405 0
120 446 0
120 447 0
120 448 0
120 538 0
121 78 1
121 168 1
121 409 0
121 553 0
122 33 1
122 351 1
122 365 0
122 366 0
122 456 0
122 494 0
122 510 0
122 511 0
127 21 1
127 42 1
127 124 1
127 408 0
127 411 0
127 412 0
127 442 0
127 470 0
127 476 0
127 512 0
127 540 0
128 39 1
128 116 1
128 191 1
128 386 0
128 402 0
128 446 0
128 447 0
128 448 0
128 482 0
129 33 1
129 408 0
130 31 1
130 65 1
130 72 1
130 255 1
130 494 0
130 495 0
134 64 1
134 101 1
134 481 0
138 33 1
138 36 1
138 112 1
138 125 1
138 148 1
138 297 1
138 299 1
138 309 1
138 328 1
138 384 0
138 410 0
138 446 0
138 447 0
138 510 0
138 536 0
138 538 0
138 561 0
139 28 1
139 32 1
139 299 1
139 332 1
139 343 1
139 351 1
139 392 0
139 405 0
139 419 0
139 428 0
139 429 0
139 446 0
139 447 0
139 448 0
139 536 0
139 538 0
139 561 0
139 584 0
140 136 1
140 212 1
140 351 1
140 424 0
140 440 0
140 494 0
140 496 0
140 584 0
141 349 1
141 351 1
141 419 0
141 430 0
141 446 0
141 447 0
141 481 0
141 483 0
141 510 0
141 538 0
142 47 1
142 523 0
143 14 1
143 196 1
143 423 0
143 432 0
143 444 0
143 452 0
143 454 0
143 581 0
144 1 1
144 468 0
146 16 1
146 55 1
146 60 1
146 78 1
146 137 1
146 187 1
146 191 1
146 207 1
146 212 1
146 239 1
146 241 1
146 255 1
146 288 1
146 328 1
146 343 1
146 351 1
146 355 1
146 364 0
146 368 0
146 374 0
146 375 0
146 378 0
146 388 0
146 389 0
146 392 0
146 407 0
146 409 0
146 410 0
146 419 0
146 426 0
146 428 0
146 429 0
146 430 0
146 435 0
146 437 0
146 451 0
146 452 0
146 454 0
146 456 0
146 457 0
146 459 0
146 469 0
146 470 0
146 471 0
146 472 0
146 476 0
146 483 0
146 485 0
146 492 0
146 494 0
146 512 0
146 519 0
146 520 0
146 525 0
146 530 0
146 536 0
146 538 0
146 545 0
146 558 0
146 584 0
147 36 1
147 343 1
147 467 0
147 481 0
147 503 0
149 241 1
149 351 1
149 383 0
149 436 0
149 439 0
150 8 1
150 381 0
150 382 0
150 383 0
150 384 0
150 397 0
150 415 0
150 418 0
150 428 0
150 429 0
150 436 0
150 439 0
150 446 0
150 447 0
150 448 0
150 480 0
150 501 0
150 510 0
150 516 0
150 523 0
150 524 0
150 525 0
150 526 0
150 528 0
150 529 0
150 530 0
150 532 0
150 533 0
150 534 0
150 549 0
150 551 0
150 555 0
150 556 0
150 557 0
150 566 0
150 568 0
150 569 0
150 572 0
150 573 0
150 576 0
150 584 0
151 165 1
151 166 1
151 364 0
151 366 0
151 373 0
151 585 0
152 39 1
152 349 1
152 442 0
152 456 0
154 67 1
154 212 1
154 335 1
154 351 1
154 356 1
154 466 0
154 467 0
158 22 1
158 187 1
158 288 1
158 345 1
158 399 0
159 112 1
159 428 0
159 429 0
159 584 0
169 255 1
169 570 0
172 349 1
172 419 0
172 450 0
172 482 0
173 32 1
173 336 1
173 337 1
173 419 0
177 17 1
177 23 1
177 32 1
177 55 1
177 78 1
177 99 1
177 101 1
177 105 1
177 114 1
177 132 1
177 168 1
177 187 1
177 197 1
177 212 1
177 232 1
177 244 1
177 255 1
177 267 1
177 297 1
177 328 1
177 349 1
177 350 1
177 351 1
177 377 0
177 399 0
177 403 0
177 405 0
177 408 0
177 410 0
177 433 0
177 446 0
177 447 0
177 448 0
177 450 0
177 456 0
177 466 0
177 467 0
177 469 0
177 470 0
177 471 0
177 473 0
177 496 0
177 499 0
177 538 0
177 583 0
178 99 1
178 114 1
178 168 1
180 303 1
180 374 0
182 333 1
182 388 0
182 407 0
182 409 0
182 415 0
182 471 0
183 17 1
183 168 1
183 212 1
183 322 1
183 333 1
183 350 1
183 351 1
183 397 0
183 407 0
183 409 0
183 415 0
183 420 0
183 428 0
183 429 0
183 446 0
183 447 0
183 448 0
183 450 0
183 453 0
183 456 0
183 496 0
183 538 0
183 569 0
183 584 0
184 222 1
184 235 1
184 405 0
184 446 0
184 447 0
184 448 0
184 538 0
185 111 1
185 211 1
185 355 1
185 394 0
185 405 0
188 42 1
188 63 1
188 241 1
188 299 1
188 384 0
188 415 0
188 428 0
188 429 0
188 495 0
188 519 0
188 520 0
188 584 0
194 33 1
194 563 0
199 328 1
199 376 0
199 377 0
199 422 0
199 423 0
199 432 0
199 433 0
199 437 0
199 444 0
199 445 0
199 454 0
199 455 0
199 473 0
199 514 0
199 581 0
199 583 0
200 67 1
200 520 0
202 125 1
202 401 0
203 198 1
203 470 0
203 476 0
203 533 0
203 536 0
203 541 0
203 561 0
203 582 0
204 198 1
204 239 1
204 351 1
204 536 0
204 561 0
205 304 1
205 442 0
205 456 0
206 328 1
206 470 0
206 471 0
206 476 0
206 477 0
208 112 1
208 153 1
208 207 1
208 367 0
208 371 0
208 376 0
208 410 0
208 413 0
208 433 0
208 451 0
208 455 0
208 466 0
208 467 0
208 481 0
208 514 0
208 582 0
209 49 1
209 322 1
209 407 0
209 409 0
209 459 0
215 23 1
215 86 1
215 277 1
215 297 1
215 299 1
215 465 0
216 10 1
216 42 1
216 49 1
216 155 1
216 166 1
216 405 0
216 407 0
216 412 0
216 419 0
216 420 0
216 446 0
216 447 0
216 448 0
216 538 0
216 550 0
219 16 1
219 17 1
219 33 1
219 37 1
219 39 1
219 42 1
219 72 1
219 162 1
219 168 1
219 187 1
219 210 1
219 328 1
219 351 1
219 364 0
219 365 0
219 366 0
219 367 0
219 368 0
219 369 0
219 370 0
219 371 0
219 373 0
219 374 0
219 376 0
219 377 0
219 383 0
219 392 0
219 405 0
219 410 0
219 412 0
219 415 0
219 420 0
219 422 0
219 423 0
219 432 0
219 433 0
219 440 0
219 444 0
219 445 0
219 448 0
219 454 0
219 455 0
219 465 0
219 466 0
219 467 0
219 470 0
219 471 0
219 473 0
219 474 0
219 475 0
219 476 0
219 478 0
219 481 0
219 482 0
219 483 0
219 491 0
219 492 0
219 494 0
219 497 0
219 510 0
219 518 0
219 519 0
219 520 0
219 558 0
219 580 0
219 581 0
219 583 0
220 36 1
220 73 1
220 136 1
220 218 1
220 233 1
220 376 0
220 377 0
220 384 0
220 423 0
220 424 0
220 425 0
220 427 0
220 428 0
220 429 0
220 432 0
220 433 0
220 444 0
220 445 0
220 454 0
220 455 0
220 466 0
220 473 0
220 476 0
220 477 0
220 479 0
220 498 0
220 502 0
220 504 0
220 506 0
220 514 0
220 535 0
220 539 0
220 577 0
220 580 0
220 581 0
220 582 0
220 583 0
220 584 0
225 137 1
225 395 0
225 415 0
225 428 0
225 453 0
225 465 0
226 8 1
226 72 1
226 287 1
226 301 1
226 423 0
226 432 0
226 444 0
226 454 0
226 487 0
226 488 0
226 489 0
226 490 0
226 515 0
226 581 0
227 299 1
227 383 0
227 448 0
227 494 0
228 8 1
228 112 1
228 462 0
229 0 1
229 17 1
229 21 1
229 23 1
229 32 1
229 33 1
229 49 1
229 51 1
229 57 1
229 60 1
229 78 1
229 99 1
229 100 1
229 101 1
229 105 1
229 111 1
229 126 1
229 137 1
229 162 1
229 168 1
229 172 1
229 192 1
229 211 1
229 212 1
229 243 1
229 255 1
229 265 1
229 266 1
229 276 1
229 288 1
229 311 1
229 324 1
229 328 1
229 333 1
229 336 1
229 349 1
229 351 1
229 365 0
229 373 0
229 380 0
229 387 0
229 392 0
229 400 0
229 410 0
229 411 0
229 412 0
229 415 0
229 419 0
229 422 0
229 423 0
229 446 0
229 447 0
229 456 0
229 457 0
229 459 0
229 469 0
229 471 0
229 477 0
229 481 0
229 482 0
229 483 0
229 485 0
229 492 0
229 493 0
229 507 0
229 510 0
229 513 0
229 536 0
229 537 0
229 538 0
229 542 0
229 555 0
229 560 0
229 561 0
229 563 0
229 580 0
230 33 1
230 466 0
231 33 1
231 101 1
231 153 1
231 154 1
231 304 1
231 506 0
234 66 1
234 407 0
234 409 0
234 423 0
234 432 0
234 444 0
234 445 0
234 454 0
234 581 0
236 0 1
236 407 0
236 409 0
237 0 1
237 26 1
237 392 0
237 453 0
237 482 0
238 78 1
238 284 1
238 351 1
238 383 0
238 408 0
238 443 0
238 481 0
238 510 0
245 108 1
245 207 1
245 328 1
245 420 0
246 175 1
246 176 1
246 207 1
246 212 1
246 399 0
247 304 1
247 442 0
247 456 0
253 356 1
258 160 1
258 255 1
258 286 1
258 299 1
258 309 1
258 343 1
258 349 1
258 370 0
258 567 0
260 72 1
260 287 1
260 303 1
260 309 1
260 392 0
260 393 0
260 406 0
260 409 0
260 485 0
260 486 0
260 487 0
260 488 0
260 489 0
260 490 0
260 515 0
261 168 1
261 192 1
261 288 1
261 318 1
261 378 0
261 448 0
261 459 0
261 485 0
262 23 1
262 31 1
262 42 1
262 68 1
262 288 1
262 383 0
262 387 0
262 406 0
262 409 0
262 456 0
262 482 0
262 571 0
264 276 1
264 343 1
269 61 1
269 157 1
269 255 1
269 333 1
269 407 0
269 409 0
269 488 0
270 112 1
270 331 1
270 351 1
270 543 0
270 544 0
272 168 1
272 466 0
272 467 0
273 32 1
273 87 1
273 99 1
273 162 1
273 168 1
273 421 0
273 456 0
274 0 1
274 21 1
274 23 1
274 32 1
274 33 1
274 49 1
274 51 1
274 57 1
274 60 1
274 78 1
274 85 1
274 99 1
274 100 1
274 101 1
274 105 1
274 111 1
274 126 1
274 137 1
274 162 1
274 168 1
274 172 1
274 192 1
274 211 1
274 212 1
274 229 1
274 243 1
274 244 1
274 255 1
274 265 1
274 266 1
274 276 1
274 288 1
274 324 1
274 328 1
274 333 1
274 336 1
274 343 1
274 349 1
274 351 1
274 368 0
274 373 0
274 386 0
274 387 0
274 392 0
274 394 0
274 409 0
274 410 0
274 411 0
274 415 0
274 419 0
274 423 0
274 428 0
274 429 0
274 431 0
274 432 0
274 436 0
274 438 0
274 443 0
274 444 0
274 447 0
274 452 0
274 454 0
274 456 0
274 458 0
274 465 0
274 466 0
274 467 0
274 468 0
274 469 0
274 470 0
274 471 0
274 476 0
274 477 0
274 483 0
274 492 0
274 510 0
274 527 0
274 561 0
274 574 0
274 579 0
274 581 0
274 584 0
274 586 0
275 25 1
275 30 1
275 240 1
275 285 1
275 353 1
275 384 0
275 394 0
275 401 0
275 403 0
275 443 0
275 450 0
275 456 0
275 458 0
275 502 0
278 20 1
278 33 1
278 108 1
278 224 1
278 351 1
278 376 0
278 408 0
278 423 0
278 426 0
278 427 0
278 432 0
278 433 0
278 444 0
278 454 0
278 455 0
278 466 0
278 468 0
278 470 0
278 476 0
278 514 0
278 581 0
279 212 1
279 255 1
279 299 1
279 343 1
279 351 1
279 352 1
279 456 0
279 470 0
279 476 0
279 496 0
280 0 1
280 61 1
280 157 1
280 333 1
280 383 0
280 407 0
280 409 0
280 437 0
290 5 1
290 145 1
290 235 1
290 289 1
290 325 1
290 328 1
290 510 0
290 536 0
290 561 0
291 352 1
291 446 0
291 447 0
291 448 0
294 33 1
294 51 1
294 123 1
294 266 1
294 288 1
294 297 1
294 328 1
294 350 1
294 351 1
294 400 0
294 404 0
294 407 0
294 409 0
294 419 0
294 423 0
294 432 0
294 436 0
294 444 0
294 446 0
294 447 0
294 454 0
294 456 0
294 474 0
294 476 0
294 482 0
294 494 0
294 496 0
294 536 0
294 541 0
294 547 0
294 555 0
294 561 0
294 581 0
295 51 1
295 103 1
295 288 1
295 292 1
295 297 1
295 346 1
295 407 0
295 409 0
295 419 0
295 487 0
295 488 0
295 489 0
295 490 0
295 515 0
295 525 0
295 536 0
295 555 0
295 561 0
295 584 0
298 111 1
298 137 1
298 334 1
298 350 1
298 374 0
298 405 0
298 446 0
298 447 0
298 448 0
298 450 0
298 510 0
298 511 0
298 522 0
298 538 0
298 554 0
299 36 1
299 60 1
299 350 1
299 374 0
299 401 0
299 405 0
299 409 0
299 446 0
299 447 0
299 448 0
299 450 0
299 466 0
299 467 0
299 510 0
299 538 0
302 133 1
302 504 0
302 505 0
303 72 1
303 287 1
303 355 1
303 384 0
303 385 0
303 399 0
303 401 0
303 405 0
303 428 0
303 429 0
303 448 0
303 465 0
303 482 0
303 485 0
303 487 0
303 488 0
303 489 0
303 490 0
303 500 0
303 515 0
303 536 0
303 584 0
305 259 1
305 302 1
305 404 0
305 481 0
306 0 1
306 3 1
306 15 1
306 21 1
306 31 1
306 32 1
306 33 1
306 34 1
306 35 1
306 36 1
306 39 1
306 48 1
306 49 1
306 51 1
306 55 1
306 57 1
306 82 1
306 98 1
306 99 1
306 101 1
306 102 1
306 106 1
306 112 1
306 132 1
306 137 1
306 154 1
306 157 1
306 161 1
306 163 1
306 168 1
306 175 1
306 179 1
306 187 1
306 192 1
306 201 1
306 207 1
306 210 1
306 211 1
306 212 1
306 217 1
306 218 1
306 229 1
306 239 1
306 241 1
306 244 1
306 255 1
306 263 1
306 266 1
306 267 1
306 274 1
306 288 1
306 300 1
306 304 1
306 309 1
306 311 1
306 321 1
306 324 1
306 328 1
306 332 1
306 333 1
306 344 1
306 347 1
306 350 1
306 351 1
306 355 1
306 376 0
306 392 0
306 394 0
306 405 0
306 406 0
306 411 0
306 423 0
306 428 0
306 432 0
306 440 0
306 444 0
306 446 0
306 447 0
306 448 0
306 454 0
306 465 0
306 470 0
306 471 0
306 476 0
306 482 0
306 483 0
306 498 0
306 511 0
306 520 0
306 538 0
306 581 0
308 32 1
308 210 1
308 284 1
308 337 1
308 406 0
308 410 0
308 419 0
308 423 0
308 432 0
308 444 0
308 454 0
308 456 0
308 465 0
308 468 0
308 470 0
308 505 0
308 508 0
308 536 0
308 581 0
312 23 1
312 31 1
312 101 1
312 104 1
312 378 0
312 430 0
312 482 0
312 571 0
313 0 1
313 101 1
313 104 1
313 423 0
313 428 0
313 429 0
313 432 0
313 444 0
313 454 0
313 581 0
313 584 0
314 108 1
314 112 1
314 114 1
314 190 1
314 211 1
314 212 1
314 224 1
314 255 1
314 288 1
314 322 1
314 407 0
314 409 0
314 453 0
314 459 0
314 482 0
315 32 1
315 57 1
315 78 1
315 101 1
315 135 1
315 167 1
315 168 1
315 172 1
315 281 1
315 284 1
315 324 1
315 336 1
315 364 0
315 384 0
315 411 0
315 419 0
315 481 0
315 510 0
315 574 0
316 0 1
316 23 1
316 32 1
316 33 1
316 55 1
316 64 1
316 85 1
316 98 1
316 101 1
316 112 1
316 165 1
316 168 1
316 172 1
316 193 1
316 211 1
316 212 1
316 221 1
316 328 1
316 343 1
316 346 1
316 350 1
316 351 1
316 367 0
316 384 0
316 387 0
316 399 0
316 407 0
316 410 0
316 411 0
316 415 0
316 419 0
316 420 0
316 423 0
316 424 0
316 425 0
316 428 0
316 429 0
316 432 0
316 444 0
316 448 0
316 451 0
316 454 0
316 456 0
316 459 0
316 463 0
316 465 0
316 471 0
316 472 0
316 477 0
316 481 0
316 483 0
316 510 0
316 517 0
316 531 0
316 565 0
316 581 0
316 584 0
317 172 1
317 324 1
317 563 0
319 49 1
319 112 1
319 113 1
319 167 1
319 337 1
319 406 0
319 508 0
320 299 1
320 343 1
320 462 0
320 496 0
323 328 1
323 408 0
323 411 0
323 424 0
323 468 0
323 474 0
323 483 0
326 36 1
326 123 1
326 351 1
326 355 1
326 410 0
326 456 0
326 510 0
327 299 1
327 357 1
327 424 0
327 425 0
327 456 0
329 6 1
329 21 1
329 49 1
329 69 1
329 98 1
329 101 1
329 164 1
329 212 1
329 351 1
329 388 0
329 423 0
329 432 0
329 444 0
329 445 0
329 454 0
329 459 0
329 581 0
338 107 1
338 423 0
338 432 0
338 444 0
338 445 0
338 454 0
338 581 0
340 8 1
340 17 1
340 23 1
340 31 1
340 62 1
340 72 1
340 82 1
340 86 1
340 101 1
340 160 1
340 162 1
340 207 1
340 212 1
340 249 1
340 252 1
340 254 1
340 283 1
340 328 1
340 334 1
340 344 1
340 351 1
340 373 0
340 376 0
340 378 0
340 380 0
340 384 0
340 386 0
340 387 0
340 403 0
340 405 0
340 406 0
340 407 0
340 409 0
340 410 0
340 412 0
340 414 0
340 415 0
340 416 0
340 419 0
340 420 0
340 421 0
340 423 0
340 432 0
340 435 0
340 436 0
340 438 0
340 439 0
340 444 0
340 445 0
340 446 0
340 447 0
340 448 0
340 449 0
340 452 0
340 454 0
340 457 0
340 460 0
340 465 0
340 466 0
340 467 0
340 469 0
340 471 0
340 474 0
340 476 0
340 477 0
340 481 0
340 484 0
340 510 0
340 511 0
340 529 0
340 538 0
340 559 0
340 560 0
340 562 0
340 563 0
340 564 0
340 570 0
340 572 0
340 581 0
341 350 1
341 393 0
341 396 0
341 419 0
341 424 0
341 437 0
341 446 0
341 447 0
341 449 0
341 452 0
341 510 0
341 521 0
341 538 0
342 328 1
342 350 1
342 407 0
342 409 0
342 437 0
342 446 0
342 447 0
342 449 0
342 452 0
342 510 0
342 538 0
343 36 1
343 72 1
343 98 1
343 111 1
343 112 1
343 176 1
343 212 1
343 371 0
343 379 0
343 380 0
343 391 0
343 405 0
343 424 0
343 436 0
343 443 0
343 446 0
343 447 0
343 448 0
343 452 0
343 459 0
343 468 0
343 476 0
343 518 0
343 519 0
343 520 0
343 538 0
348 0 1
348 57 1
348 96 1
348 153 1
348 154 1
348 161 1
348 223 1
348 288 1
348 293 1
348 324 1
348 328 1
348 330 1
348 344 1
348 394 0
348 412 0
348 548 0
350 26 1
350 151 1
350 168 1
350 409 0
354 26 1
354 65 1
354 181 1
354 307 1
354 351 1
354 457 0
358 32 1
358 125 1
358 168 1
358 265 1
358 351 1
358 509 0
359 101 1
359 207 1
359 212 1
359 344 1
360 2 1
360 74 1
360 85 1
360 101 1
360 131 1
360 154 1
360 251 1
360 257 1
360 297 1
360 379 0
360 401 0
360 419 0
360 481 0
360 482 0
360 483 0
360 496 0
360 519 0
360 580 0
361 42 1
361 410 0
361 466 0
361 467 0
362 112 1
362 456 0
363 175 1
363 355 1
363 375 0
363 378 0
363 390 0
363 405 0
363 409 0
363 421 0
363 422 0
363 446 0
363 447 0
363 448 0
363 450 0
363 504 0
363 538 0
364 4 5
364 5 5
364 7 5
364 23 5
364 33 5
364 42 5
364 49 5
364 67 5
364 73 5
364 78 5
364 82 5
364 101 5
364 103 5
364 137 5
364 145 5
364 197 5
364 208 5
364 229 5
364 232 5
364 250 5
364 271 5
364 292 5
364 334 5
364 347 5
364 360 5
365 4 5
365 5 5
365 7 5
365 23 5
365 33 5
365 49 5
365 50 5
365 67 5
365 73 5
365 78 5
365 82 5
365 101 5
365 103 5
365 137 5
365 145 5
365 197 5
365 232 5
365 250 5
365 271 5
365 292 5
365 334 5
365 347 5
365 368 4
365 481 4
366 4 5
366 5 5
366 7 5
366 23 5
366 33 5
366 49 5
366 67 5
366 73 5
366 78 5
366 82 5
366 101 5
366 103 5
366 137 5
366 145 5
366 197 5
366 232 5
366 250 5
366 271 5
366 292 5
366 334 5
366 347 5
367 4 5
367 5 5
367 7 5
367 23 5
367 33 5
367 49 5
367 67 5
367 73 5
367 78 5
367 82 5
367 101 5
367 103 5
367 137 5
367 145 5
367 197 5
367 232 5
367 250 5
367 271 5
367 292 5
367 334 5
367 347 5
368 4 5
368 5 5
368 7 5
368 23 5
368 33 5
368 49 5
368 50 5
368 67 5
368 73 5
368 78 5
368 82 5
368 101 5
368 103 5
368 137 5
368 145 5
368 197 5
368 232 5
368 250 5
368 271 5
368 292 5
368 334 5
368 347 5
368 481 4
369 4 5
369 5 5
369 7 5
369 23 5
369 33 5
369 49 5
369 67 5
369 73 5
369 78 5
369 82 5
369 101 5
369 103 5
369 137 5
369 145 5
369 197 5
369 208 5
369 232 5
369 250 5
369 271 5
369 292 5
369 334 5
369 347 5
370 4 5
370 5 5
370 7 5
370 23 5
370 33 5
370 49 5
370 67 5
370 73 5
370 78 5
370 82 5
370 101 5
370 103 5
370 137 5
370 145 5
370 197 5
370 232 5
370 250 5
370 271 5
370 292 5
370 334 5
370 347 5
371 4 5
371 5 5
371 7 5
371 23 5
371 33 5
371 49 5
371 67 5
371 73 5
371 78 5
371 82 5
371 101 5
371 103 5
371 137 5
371 145 5
371 197 5
371 232 5
371 250 5
371 271 5
371 292 5
371 334 5
371 347 5
372 0 5
372 12 5
372 19 5
372 25 5
372 33 5
372 35 5
372 42 5
372 45 5
372 47 5
372 78 5
372 97 5
372 111 5
372 113 5
372 122 5
372 132 5
372 135 5
372 153 5
372 163 5
372 164 5
372 183 5
372 197 5
372 203 5
372 207 5
372 225 5
372 233 5
372 240 5
372 253 5
372 299 5
372 300 5
372 314 5
372 316 5
372 334 5
372 351 5
372 360 5
373 136 5
373 170 5
374 0 5
374 5 5
374 15 5
374 38 5
374 42 5
374 69 5
374 93 5
374 102 5
374 103 5
374 105 5
374 110 5
374 111 5
374 112 5
374 123 5
374 132 5
374 147 5
374 150 5
374 161 5
374 164 5
374 207 5
374 217 5
374 266 5
374 287 5
374 301 5
374 334 5
374 335 5
375 25 5
375 69 5
375 72 5
375 74 5
375 105 5
375 124 5
375 126 5
375 217 5
375 223 5
375 250 5
375 259 5
375 276 5
375 287 5
375 310 5
375 328 5
375 332 5
376 0 5
376 5 5
376 33 5
376 37 5
376 65 5
376 69 5
376 85 5
376 93 5
376 96 5
376 99 5
376 124 5
376 132 5
376 172 5
376 174 5
376 181 5
376 189 5
376 197 5
376 212 5
376 266 5
376 276 5
376 296 5
376 297 5
376 311 5
376 325 5
376 332 5
376 335 5
376 337 5
376 343 5
376 351 5
377 0 5
377 5 5
377 33 5
377 37 5
377 65 5
377 69 5
377 85 5
377 93 5
377 96 5
377 99 5
377 124 5
377 132 5
377 172 5
377 174 5
377 181 5
377 189 5
377 197 5
377 212 5
377 266 5
377 276 5
377 296 5
377 297 5
377 311 5
377 325 5
377 332 5
377 335 5
377 337 5
377 343 5
377 351 5
378 25 5
378 69 5
378 72 5
378 74 5
378 105 5
378 124 5
378 126 5
378 217 5
378 223 5
378 250 5
378 259 5
378 276 5
378 287 5
378 310 5
378 328 5
378 332 5
379 25 5
379 86 5
379 288 5
380 25 5
380 86 5
380 288 5
381 5 5
381 33 5
381 47 5
381 163 5
381 189 5
381 210 5
381 223 5
382 103 5
382 156 5
382 197 5
382 337 5
383 71 5
383 250 5
384 0 5
384 21 5
384 31 5
384 32 5
384 33 5
384 34 5
384 37 5
384 38 5
384 42 5
384 45 5
384 63 5
384 65 5
384 66 5
384 67 5
384 86 5
384 93 5
384 106 5
384 124 5
384 145 5
384 155 5
384 165 5
384 170 5
384 172 5
384 176 5
384 189 5
384 191 5
384 197 5
384 198 5
384 212 5
384 222 5
384 223 5
384 239 5
384 240 5
384 251 5
384 256 5
384 268 5
384 277 5
384 286 5
384 287 5
384 289 5
384 299 5
384 310 5
384 335 5
384 337 5
384 350 5
384 355 5
385 51 5
385 343 5
386 10 5
386 136 5
386 156 5
386 197 5
386 271 5
386 277 5
386 284 5
386 350 5
387 10 5
387 11 5
387 12 5
387 42 5
387 54 5
387 136 5
387 151 5
387 156 5
387 197 5
387 208 5
387 219 5
387 260 5
387 271 5
387 277 5
387 284 5
387 326 5
387 350 5
388 181 5
388 249 5
389 0 5
389 15 5
389 33 5
389 57 5
389 63 5
389 65 5
389 85 5
389 96 5
389 103 5
389 107 5
389 111 5
389 123 5
389 137 5
389 214 5
389 254 5
389 256 5
389 284 5
389 287 5
389 289 5
389 297 5
389 335 5
389 343 5
390 0 5
390 1 5
390 5 5
390 21 5
390 35 5
390 38 5
390 47 5
390 69 5
390 87 5
390 99 5
390 113 5
390 124 5
390 125 5
390 137 5
390 145 5
390 146 5
390 151 5
390 170 5
390 175 5
390 186 5
390 191 5
390 207 5
390 210 5
390 217 5
390 233 5
390 250 5
390 254 5
390 277 5
390 287 5
390 298 5
390 300 5
390 332 5
390 347 5
390 352 5
391 16 5
391 20 5
391 21 5
391 22 5
391 49 5
391 66 5
391 87 5
391 93 5
391 96 5
391 124 5
391 148 5
391 156 5
391 163 5
391 197 5
391 240 5
391 252 5
391 256 5
391 265 5
391 268 5
391 275 5
391 298 5
391 303 5
391 356 5
391 357 5
392 0 5
392 5 5
392 26 5
392 35 5
392 42 5
392 60 5
392 63 5
392 67 5
392 69 5
392 74 5
392 78 5
392 82 5
392 85 5
392 87 5
392 93 5
392 96 5
392 99 5
392 101 5
392 102 5
392 103 5
392 113 5
392 114 5
392 131 5
392 132 5
392 145 5
392 153 5
392 156 5
392 161 5
392 164 5
392 165 5
392 166 5
392 172 5
392 181 5
392 197 5
392 207 5
392 217 5
392 240 5
392 244 5
392 256 5
392 259 5
392 265 5
392 293 5
392 300 5
392 310 5
392 318 5
392 330 5
392 332 5
392 345 5
392 347 5
392 350 5
393 0 5
393 26 5
393 35 5
393 63 5
393 69 5
393 78 5
393 99 5
393 114 5
393 132 5
393 156 5
393 164 5
393 166 5
393 172 5
393 207 5
393 217 5
393 240 5
393 256 5
393 259 5
393 300 5
393 330 5
393 332 5
393 345 5
393 347 5
394 5 5
394 9 5
394 45 5
394 47 5
394 55 5
394 73 5
394 93 5
394 105 5
394 137 5
394 172 5
394 287 5
394 310 5
394 334 5
395 5 5
395 21 5
395 23 5
395 49 5
395 55 5
395 58 5
395 63 5
395 102 5
395 123 5
395 124 5
395 161 5
395 193 5
395 211 5
395 223 5
395 268 5
395 330 5
395 339 5
395 352 5
396 5 5
396 23 5
396 49 5
396 55 5
396 58 5
396 63 5
396 102 5
396 123 5
396 124 5
396 161 5
396 193 5
396 211 5
396 223 5
396 268 5
396 330 5
396 339 5
396 352 5
397 25 5
397 224 5
397 296 5
397 357 5
398 21 5
398 33 5
398 60 5
398 96 5
398 151 5
398 254 5
398 277 5
398 311 5
398 332 5
399 21 5
399 33 5
399 60 5
399 96 5
399 151 5
399 254 5
399 277 5
399 311 5
399 332 5
400 250 5
400 276 5
401 5 5
401 28 5
401 30 5
401 35 5
401 38 5
401 60 5
401 69 5
401 103 5
401 106 5
401 124 5
401 145 5
401 164 5
401 175 5
401 186 5
401 197 5
401 235 5
401 240 5
401 256 5
401 267 5
401 292 5
401 325 5
401 343 5
401 347 5
401 357 5
402 5 5
402 35 5
402 45 5
402 96 5
402 113 5
402 117 5
402 127 5
402 156 5
402 250 5
402 287 5
402 300 5
402 341 5
402 355 5
402 357 5
403 33 5
403 69 5
403 112 5
403 164 5
403 196 5
403 217 5
403 235 5
403 301 5
403 334 5
404 0 5
404 3 5
404 5 5
404 21 5
404 23 5
404 25 5
404 26 5
404 38 5
404 45 5
404 51 5
404 58 5
404 61 5
404 63 5
404 65 5
404 74 5
404 102 5
404 111 5
404 124 5
404 126 5
404 145 5
404 148 5
404 164 5
404 184 5
404 189 5
404 193 5
404 195 5
404 207 5
404 223 5
404 250 5
404 286 5
404 289 5
404 292 5
404 300 5
404 310 5
404 337 5
404 351 5
405 21 5
405 26 5
405 33 5
405 67 5
405 86 5
405 148 5
405 217 5
405 240 5
405 251 5
405 259 5
405 263 5
405 287 5
405 300 5
405 318 5
405 330 5
405 356 5
406 0 5
406 2 5
406 4 5
406 5 5
406 7 5
406 14 5
406 23 5
406 69 5
406 74 5
406 85 5
406 93 5
406 105 5
406 111 5
406 112 5
406 114 5
406 148 5
406 151 5
406 156 5
406 162 5
406 165 5
406 172 5
406 174 5
406 175 5
406 181 5
406 196 5
406 197 5
406 223 5
406 257 5
406 293 5
406 330 5
406 332 5
406 333 5
406 339 5
407 49 5
407 50 5
407 55 5
407 67 5
407 156 5
407 164 5
407 184 5
407 198 5
407 218 5
407 288 5
407 328 5
407 334 5
407 365 4
407 368 4
407 481 4
407 482 4
407 483 4
408 0 5
408 5 5
408 38 5
408 42 5
408 47 5
408 69 5
408 93 5
408 102 5
408 103 5
408 105 5
408 110 5
408 111 5
408 112 5
408 113 5
408 123 5
408 132 5
408 151 5
408 207 5
408 217 5
408 266 5
408 287 5
408 292 5
408 301 5
408 332 5
408 334 5
409 0 5
409 5 5
409 33 5
409 47 5
409 64 5
409 65 5
409 96 5
409 111 5
409 184 5
409 191 5
409 197 5
409 250 5
409 284 5
409 287 5
409 288 5
409 330 5
409 332 5
409 337 5
409 347 5
410 217 5
410 259 5
411 217 5
411 259 5
412 0 5
412 5 5
412 74 5
412 85 5
412 93 5
412 99 5
412 102 5
412 113 5
412 166 5
412 175 5
412 184 5
412 193 5
412 207 5
412 217 5
412 240 5
412 259 5
412 288 5
412 330 5
412 347 5
413 0 5
413 5 5
413 74 5
413 85 5
413 93 5
413 99 5
413 102 5
413 113 5
413 166 5
413 175 5
413 184 5
413 193 5
413 207 5
413 217 5
413 240 5
413 259 5
413 288 5
413 330 5
413 347 5
414 96 5
414 112 5
414 164 5
414 165 5
414 168 5
414 181 5
414 191 5
414 213 5
414 223 5
414 249 5
414 330 5
415 33 5
415 73 5
415 87 5
415 211 5
415 250 5
415 307 5
416 63 5
416 343 5
417 0 5
417 5 5
417 74 5
417 85 5
417 93 5
417 99 5
417 102 5
417 113 5
417 166 5
417 175 5
417 184 5
417 193 5
417 207 5
417 217 5
417 240 5
417 259 5
417 288 5
417 330 5
417 347 5
418 33 5
418 297 5
419 25 5
419 43 5
419 82 5
419 85 5
419 93 5
419 105 5
419 112 5
419 148 5
419 217 5
419 251 5
419 301 5
419 302 5
419 332 5
419 357 5
420 5 5
420 7 5
420 21 5
420 25 5
420 33 5
420 35 5
420 46 5
420 63 5
420 74 5
420 93 5
420 105 5
420 114 5
420 124 5
420 126 5
420 151 5
420 171 5
420 190 5
420 217 5
420 254 5
420 259 5
420 266 5
420 292 5
420 297 5
420 300 5
420 328 5
420 346 5
420 351 5
420 357 5
421 5 5
421 7 5
421 21 5
421 25 5
421 33 5
421 35 5
421 46 5
421 63 5
421 74 5
421 93 5
421 105 5
421 114 5
421 124 5
421 126 5
421 151 5
421 171 5
421 190 5
421 217 5
421 254 5
421 259 5
421 266 5
421 292 5
421 297 5
421 300 5
421 328 5
421 346 5
421 351 5
421 357 5
422 5 5
422 7 5
422 21 5
422 25 5
422 33 5
422 35 5
422 46 5
422 63 5
422 74 5
422 93 5
422 105 5
422 114 5
422 124 5
422 126 5
422 151 5
422 171 5
422 190 5
422 217 5
422 245 5
422 254 5
422 259 5
422 266 5
422 292 5
422 297 5
422 300 5
422 316 5
422 328 5
422 340 5
422 346 5
422 351 5
422 357 5
423 0 5
423 5 5
423 33 5
423 37 5
423 65 5
423 69 5
423 85 5
423 93 5
423 96 5
423 99 5
423 124 5
423 132 5
423 172 5
423 174 5
423 181 5
423 189 5
423 197 5
423 212 5
423 266 5
423 276 5
423 296 5
423 297 5
423 311 5
423 325 5
423 332 5
423 335 5
423 337 5
423 343 5
423 351 5
424 1 5
424 4 5
424 5 5
424 26 5
424 35 5
424 45 5
424 63 5
424 64 5
424 69 5
424 96 5
424 98 5
424 112 5
424 153 5
424 188 5
424 189 5
424 191 5
424 210 5
424 211 5
424 217 5
424 240 5
424 255 5
424 288 5
424 294 5
424 295 5
424 297 5
424 299 5
424 300 5
424 303 5
424 309 5
424 326 5
424 332 5
424 335 5
424 347 5
424 349 5
425 1 5
425 4 5
425 5 5
425 26 5
425 35 5
425 45 5
425 63 5
425 64 5
425 69 5
425 89 5
425 96 5
425 98 5
425 112 5
425 153 5
425 189 5
425 191 5
425 210 5
425 211 5
425 217 5
425 240 5
425 255 5
425 288 5
425 294 5
425 295 5
425 297 5
425 299 5
425 300 5
425 309 5
425 326 5
425 332 5
425 335 5
425 341 5
425 343 5
425 347 5
425 349 5
426 1 5
426 4 5
426 5 5
426 26 5
426 35 5
426 45 5
426 63 5
426 64 5
426 69 5
426 96 5
426 98 5
426 112 5
426 153 5
426 189 5
426 191 5
426 210 5
426 211 5
426 217 5
426 240 5
426 255 5
426 288 5
426 297 5
426 299 5
426 300 5
426 309 5
426 332 5
426 335 5
426 347 5
426 349 5
427 1 5
427 4 5
427 5 5
427 26 5
427 35 5
427 45 5
427 63 5
427 64 5
427 69 5
427 96 5
427 98 5
427 112 5
427 153 5
427 189 5
427 191 5
427 210 5
427 211 5
427 217 5
427 240 5
427 255 5
427 288 5
427 297 5
427 299 5
427 300 5
427 309 5
427 332 5
427 335 5
427 347 5
427 349 5
428 25 5
428 33 5
428 35 5
428 47 5
428 63 5
428 85 5
428 96 5
428 102 5
428 107 5
428 111 5
428 123 5
428 137 5
428 207 5
428 221 5
428 250 5
428 292 5
428 297 5
428 332 5
428 334 5
428 335 5
429 0 5
429 15 5
429 33 5
429 45 5
429 57 5
429 74 5
429 96 5
429 103 5
429 107 5
429 111 5
429 137 5
429 156 5
429 176 5
429 196 5
429 214 5
429 240 5
429 254 5
429 256 5
429 259 5
429 287 5
429 289 5
429 292 5
430 33 5
430 87 5
430 189 5
430 217 5
430 284 5
430 335 5
431 35 5
431 74 5
431 181 5
432 33 5
432 55 5
432 99 5
432 148 5
432 156 5
432 189 5
432 197 5
432 333 5
432 334 5
433 33 5
433 55 5
433 99 5
433 148 5
433 156 5
433 189 5
433 197 5
433 333 5
433 334 5
434 33 5
434 42 5
434 87 5
434 102 5
434 259 5
434 266 5
435 25 5
435 156 5
436 61 5
436 344 5
437 49 5
437 93 5
437 164 5
437 241 5
437 255 5
437 330 5
438 93 5
438 164 5
438 241 5
438 255 5
438 330 5
439 69 5
439 133 5
439 137 5
439 161 5
439 189 5
439 196 5
439 240 5
439 256 5
439 286 5
439 287 5
439 293 5
439 334 5
440 5 5
440 7 5
440 21 5
440 25 5
440 33 5
440 35 5
440 46 5
440 63 5
440 74 5
440 93 5
440 105 5
440 114 5
440 124 5
440 126 5
440 151 5
440 171 5
440 190 5
440 217 5
440 254 5
440 259 5
440 266 5
440 292 5
440 297 5
440 300 5
440 328 5
440 346 5
440 351 5
440 357 5
441 33 5
441 49 5
441 82 5
441 147 5
441 154 5
441 197 5
441 219 5
441 250 5
441 296 5
441 340 5
442 33 5
442 49 5
442 82 5
442 154 5
442 197 5
442 250 5
442 296 5
443 0 5
443 5 5
443 17 5
443 31 5
443 34 5
443 35 5
443 36 5
443 47 5
443 69 5
443 71 5
443 79 5
443 85 5
443 105 5
443 106 5
443 111 5
443 112 5
443 116 5
443 131 5
443 146 5
443 191 5
443 196 5
443 209 5
443 223 5
443 229 5
443 261 5
443 268 5
443 288 5
443 308 5
443 314 5
443 330 5
443 351 5
444 0 5
444 21 5
444 33 5
444 38 5
444 55 5
444 63 5
444 69 5
444 73 5
444 93 5
444 96 5
444 99 5
444 101 5
444 103 5
444 124 5
444 132 5
444 145 5
444 148 5
444 156 5
444 161 5
444 167 5
444 181 5
444 189 5
444 197 5
444 217 5
444 256 5
444 257 5
444 259 5
444 292 5
444 332 5
444 334 5
445 0 5
445 12 5
445 21 5
445 33 5
445 38 5
445 43 5
445 55 5
445 63 5
445 69 5
445 73 5
445 77 5
445 83 5
445 93 5
445 96 5
445 99 5
445 101 5
445 103 5
445 124 5
445 132 5
445 143 5
445 145 5
445 148 5
445 156 5
445 161 5
445 167 5
445 181 5
445 189 5
445 197 5
445 208 5
445 217 5
445 226 5
445 256 5
445 257 5
445 259 5
445 274 5
445 278 5
445 292 5
445 294 5
445 303 5
445 306 5
445 308 5
445 313 5
445 316 5
445 332 5
445 334 5
446 21 5
446 26 5
446 33 5
446 67 5
446 86 5
446 148 5
446 217 5
446 240 5
446 251 5
446 259 5
446 263 5
446 287 5
446 300 5
446 318 5
446 330 5
446 356 5
447 0 5
447 38 5
447 47 5
447 66 5
447 69 5
447 111 5
447 181 5
447 190 5
447 191 5
447 196 5
447 197 5
447 235 5
447 242 5
447 248 5
447 266 5
447 289 5
447 297 5
447 300 5
447 301 5
447 303 5
447 347 5
447 351 5
448 0 5
448 38 5
448 47 5
448 66 5
448 69 5
448 111 5
448 181 5
448 190 5
448 191 5
448 196 5
448 197 5
448 235 5
448 242 5
448 248 5
448 266 5
448 289 5
448 297 5
448 300 5
448 301 5
448 347 5
448 351 5
449 71 5
449 332 5
450 5 5
450 15 5
450 21 5
450 47 5
450 62 5
450 64 5
450 65 5
450 74 5
450 78 5
450 87 5
450 93 5
450 96 5
450 111 5
450 135 5
450 137 5
450 156 5
450 161 5
450 164 5
450 166 5
450 191 5
450 193 5
450 197 5
450 248 5
450 277 5
450 287 5
450 307 5
450 330 5
450 332 5
450 335 5
450 344 5
450 347 5
450 351 5
450 352 5
451 5 5
451 25 5
451 33 5
451 38 5
451 45 5
451 74 5
451 87 5
451 157 5
451 164 5
451 170 5
451 240 5
451 250 5
451 252 5
451 259 5
451 289 5
451 296 5
451 307 5
451 332 5
451 335 5
452 38 5
452 172 5
452 175 5
452 310 5
452 325 5
452 334 5
452 351 5
452 357 5
453 0 5
453 19 5
453 25 5
453 33 5
453 35 5
453 45 5
453 47 5
453 78 5
453 111 5
453 113 5
453 132 5
453 135 5
453 153 5
453 163 5
453 164 5
453 197 5
453 207 5
453 233 5
453 240 5
453 299 5
453 300 5
453 334 5
453 351 5
454 0 5
454 5 5
454 33 5
454 37 5
454 65 5
454 69 5
454 85 5
454 93 5
454 96 5
454 99 5
454 124 5
454 132 5
454 172 5
454 174 5
454 181 5
454 189 5
454 197 5
454 212 5
454 266 5
454 276 5
454 296 5
454 297 5
454 311 5
454 325 5
454 332 5
454 335 5
454 337 5
454 343 5
454 351 5
455 0 5
455 5 5
455 33 5
455 37 5
455 65 5
455 69 5
455 85 5
455 93 5
455 96 5
455 99 5
455 124 5
455 132 5
455 172 5
455 174 5
455 181 5
455 189 5
455 197 5
455 212 5
455 266 5
455 276 5
455 296 5
455 297 5
455 311 5
455 325 5
455 332 5
455 335 5
455 337 5
455 343 5
455 351 5
456 105 5
456 156 5
456 184 5
456 197 5
456 242 5
456 281 5
456 297 5
456 303 5
456 310 5
456 330 5
456 331 5
456 332 5
456 333 5
457 25 5
458 5 5
458 9 5
458 21 5
458 45 5
458 47 5
458 55 5
458 63 5
458 73 5
458 93 5
458 105 5
458 137 5
458 156 5
458 163 5
458 172 5
458 207 5
458 221 5
458 233 5
458 240 5
458 287 5
458 310 5
458 328 5
458 332 5
458 334 5
459 61 5
459 164 5
459 181 5
459 184 5
459 300 5
459 333 5
459 357 5
460 61 5
460 344 5
461 0 5
461 1 5
461 5 5
461 8 5
461 21 5
461 35 5
461 38 5
461 47 5
461 69 5
461 87 5
461 99 5
461 104 5
461 113 5
461 124 5
461 125 5
461 137 5
461 145 5
461 151 5
461 156 5
461 170 5
461 175 5
461 186 5
461 191 5
461 207 5
461 210 5
461 217 5
461 233 5
461 250 5
461 254 5
461 277 5
461 287 5
461 297 5
461 300 5
461 332 5
461 337 5
461 347 5
461 352 5
462 72 5
462 111 5
462 190 5
462 271 5
462 300 5
462 332 5
463 49 5
463 55 5
463 69 5
463 73 5
463 132 5
463 146 5
463 151 5
463 190 5
463 210 5
463 259 5
463 287 5
463 289 5
463 292 5
464 0 5
464 35 5
464 39 5
464 69 5
464 105 5
464 124 5
464 229 5
464 256 5
464 289 5
464 300 5
464 302 5
464 332 5
464 337 5
465 5 5
465 14 5
465 64 5
465 93 5
465 189 5
465 322 5
465 347 5
466 35 5
466 61 5
466 64 5
466 112 5
466 217 5
466 242 5
466 251 5
466 301 5
466 302 5
466 334 5
467 35 5
467 61 5
467 64 5
467 112 5
467 217 5
467 242 5
467 251 5
467 301 5
467 302 5
467 334 5
468 58 5
468 99 5
468 148 5
468 189 5
468 217 5
468 284 5
468 332 5
469 5 5
469 16 5
469 61 5
469 86 5
469 113 5
469 239 5
469 286 5
469 288 5
470 0 5
470 5 5
470 42 5
470 60 5
470 67 5
470 69 5
470 74 5
470 82 5
470 87 5
470 93 5
470 96 5
470 101 5
470 102 5
470 103 5
470 113 5
470 131 5
470 132 5
470 145 5
470 153 5
470 161 5
470 165 5
470 172 5
470 181 5
470 197 5
470 207 5
470 244 5
470 265 5
470 293 5
470 310 5
470 318 5
470 330 5
470 332 5
470 350 5
471 0 5
471 5 5
471 42 5
471 60 5
471 67 5
471 69 5
471 74 5
471 82 5
471 85 5
471 87 5
471 93 5
471 96 5
471 101 5
471 102 5
471 103 5
471 113 5
471 131 5
471 132 5
471 145 5
471 153 5
471 161 5
471 165 5
471 172 5
471 181 5
471 197 5
471 207 5
471 244 5
471 265 5
471 293 5
471 310 5
471 318 5
471 330 5
471 332 5
471 350 5
472 6 5
472 19 5
472 21 5
472 61 5
472 69 5
472 76 5
472 79 5
472 90 5
472 123 5
472 124 5
472 125 5
472 127 5
472 145 5
472 155 5
472 156 5
472 164 5
472 167 5
472 172 5
472 191 5
472 198 5
472 203 5
472 206 5
472 211 5
472 219 5
472 220 5
472 229 5
472 240 5
472 249 5
472 256 5
472 265 5
472 274 5
472 278 5
472 279 5
472 284 5
472 287 5
472 306 5
472 346 5
472 347 5
473 2 5
473 6 5
473 9 5
473 15 5
473 19 5
473 28 5
473 30 5
473 35 5
473 42 5
473 66 5
473 73 5
473 102 5
473 103 5
473 108 5
473 110 5
473 123 5
473 136 5
473 175 5
473 223 5
473 235 5
473 256 5
473 265 5
473 282 5
473 296 5
473 297 5
473 325 5
473 330 5
473 343 5
473 357 5
474 0 5
474 6 5
474 15 5
474 26 5
474 33 5
474 38 5
474 46 5
474 55 5
474 65 5
474 67 5
474 69 5
474 71 5
474 85 5
474 86 5
474 96 5
474 146 5
474 175 5
474 181 5
474 189 5
474 193 5
474 196 5
474 197 5
474 211 5
474 263 5
474 276 5
474 316 5
474 356 5
475 0 5
475 6 5
475 15 5
475 26 5
475 33 5
475 38 5
475 46 5
475 55 5
475 65 5
475 67 5
475 69 5
475 71 5
475 85 5
475 86 5
475 96 5
475 175 5
475 181 5
475 189 5
475 193 5
475 196 5
475 197 5
475 211 5
475 263 5
475 276 5
475 356 5
476 0 5
476 1 5
476 5 5
476 17 5
476 21 5
476 35 5
476 38 5
476 87 5
476 99 5
476 103 5
476 111 5
476 113 5
476 137 5
476 145 5
476 148 5
476 151 5
476 156 5
476 161 5
476 162 5
476 175 5
476 186 5
476 191 5
476 192 5
476 207 5
476 233 5
476 250 5
476 259 5
476 277 5
476 287 5
476 300 5
476 332 5
476 347 5
476 352 5
476 357 5
477 0 5
477 1 5
477 5 5
477 17 5
477 21 5
477 35 5
477 38 5
477 85 5
477 87 5
477 99 5
477 103 5
477 111 5
477 113 5
477 137 5
477 145 5
477 148 5
477 151 5
477 156 5
477 161 5
477 162 5
477 175 5
477 186 5
477 191 5
477 192 5
477 207 5
477 233 5
477 250 5
477 259 5
477 277 5
477 287 5
477 300 5
477 332 5
477 347 5
477 352 5
477 357 5
478 71 5
478 73 5
478 112 5
479 233 5
479 339 5
480 2 5
480 21 5
480 33 5
480 74 5
480 117 5
480 123 5
480 126 5
480 233 5
480 248 5
480 252 5
480 277 5
480 332 5
480 351 5
481 3 5
481 5 5
481 21 5
481 33 5
481 49 5
481 50 5
481 51 5
481 94 5
481 96 5
481 102 5
481 112 5
481 114 5
481 137 5
481 148 5
481 156 5
481 160 5
481 176 5
481 189 5
481 191 5
481 192 5
481 212 5
481 218 5
481 244 5
481 249 5
481 250 5
481 266 5
481 307 5
481 310 5
481 324 5
481 330 5
481 351 5
482 3 5
482 5 5
482 21 5
482 33 5
482 49 5
482 50 5
482 51 5
482 85 5
482 94 5
482 96 5
482 102 5
482 112 5
482 114 5
482 134 5
482 137 5
482 141 5
482 146 5
482 148 5
482 156 5
482 160 5
482 176 5
482 178 5
482 189 5
482 191 5
482 192 5
482 208 5
482 212 5
482 218 5
482 244 5
482 249 5
482 250 5
482 266 5
482 307 5
482 310 5
482 316 5
482 324 5
482 330 5
482 351 5
482 359 5
482 365 4
482 368 4
482 481 4
483 3 5
483 5 5
483 21 5
483 33 5
483 49 5
483 50 5
483 51 5
483 94 5
483 96 5
483 102 5
483 112 5
483 114 5
483 137 5
483 148 5
483 156 5
483 160 5
483 176 5
483 189 5
483 191 5
483 192 5
483 212 5
483 218 5
483 244 5
483 249 5
483 250 5
483 266 5
483 307 5
483 310 5
483 324 5
483 330 5
483 351 5
483 365 4
483 368 4
483 481 4
483 482 4
484 25 5
484 26 5
484 33 5
484 69 5
484 71 5
484 73 5
484 96 5
484 99 5
484 105 5
484 125 5
484 135 5
484 136 5
484 145 5
484 160 5
484 181 5
484 248 5
484 277 5
484 292 5
484 303 5
484 310 5
484 334 5
484 343 5
484 349 5
484 356 5
484 357 5
485 0 5
485 26 5
485 35 5
485 63 5
485 69 5
485 78 5
485 99 5
485 114 5
485 132 5
485 156 5
485 164 5
485 166 5
485 172 5
485 207 5
485 217 5
485 240 5
485 256 5
485 259 5
485 300 5
485 330 5
485 332 5
485 345 5
485 347 5
486 0 5
486 26 5
486 35 5
486 63 5
486 69 5
486 78 5
486 99 5
486 114 5
486 132 5
486 156 5
486 164 5
486 166 5
486 172 5
486 207 5
486 217 5
486 240 5
486 256 5
486 259 5
486 300 5
486 330 5
486 332 5
486 345 5
486 347 5
487 0 5
487 33 5
487 37 5
487 72 5
487 74 5
487 85 5
487 86 5
487 93 5
487 106 5
487 171 5
487 174 5
487 189 5
487 197 5
487 217 5
487 311 5
487 332 5
487 337 5
487 350 5
487 351 5
488 0 5
488 33 5
488 37 5
488 72 5
488 74 5
488 85 5
488 86 5
488 93 5
488 106 5
488 171 5
488 174 5
488 189 5
488 197 5
488 217 5
488 311 5
488 332 5
488 337 5
488 350 5
488 351 5
489 0 5
489 33 5
489 37 5
489 72 5
489 74 5
489 85 5
489 86 5
489 93 5
489 96 5
489 102 5
489 106 5
489 171 5
489 174 5
489 181 5
489 189 5
489 190 5
489 197 5
489 217 5
489 277 5
489 311 5
489 332 5
489 337 5
489 350 5
489 351 5
489 356 5
490 0 5
490 33 5
490 37 5
490 72 5
490 74 5
490 85 5
490 86 5
490 93 5
490 106 5
490 171 5
490 174 5
490 189 5
490 197 5
490 217 5
490 311 5
490 332 5
490 337 5
490 350 5
490 351 5
491 2 5
491 5 5
491 25 5
491 28 5
491 35 5
491 37 5
491 45 5
491 63 5
491 66 5
491 87 5
491 103 5
491 117 5
491 123 5
491 132 5
491 136 5
491 181 5
491 191 5
491 197 5
491 201 5
491 218 5
491 235 5
491 240 5
491 241 5
491 244 5
491 249 5
491 288 5
491 292 5
491 335 5
491 355 5
492 2 5
492 5 5
492 25 5
492 28 5
492 35 5
492 37 5
492 45 5
492 63 5
492 66 5
492 87 5
492 103 5
492 117 5
492 123 5
492 132 5
492 136 5
492 181 5
492 191 5
492 197 5
492 201 5
492 218 5
492 235 5
492 240 5
492 241 5
492 244 5
492 249 5
492 288 5
492 292 5
492 335 5
492 355 5
493 5 5
493 25 5
493 28 5
493 35 5
493 37 5
493 42 5
493 63 5
493 66 5
493 87 5
493 103 5
493 117 5
493 123 5
493 132 5
493 136 5
493 191 5
493 197 5
493 201 5
493 218 5
493 235 5
493 240 5
493 241 5
493 244 5
493 249 5
493 288 5
493 292 5
493 316 5
493 335 5
493 355 5
494 2 5
494 5 5
494 25 5
494 28 5
494 35 5
494 37 5
494 45 5
494 63 5
494 66 5
494 87 5
494 103 5
494 117 5
494 123 5
494 132 5
494 136 5
494 181 5
494 191 5
494 197 5
494 201 5
494 218 5
494 235 5
494 240 5
494 241 5
494 244 5
494 249 5
494 288 5
494 292 5
494 335 5
494 355 5
495 2 5
495 5 5
495 25 5
495 28 5
495 35 5
495 37 5
495 45 5
495 63 5
495 66 5
495 87 5
495 103 5
495 117 5
495 123 5
495 132 5
495 136 5
495 181 5
495 191 5
495 197 5
495 201 5
495 218 5
495 235 5
495 240 5
495 241 5
495 244 5
495 249 5
495 288 5
495 292 5
495 335 5
495 355 5
496 42 5
496 69 5
496 105 5
496 137 5
496 197 5
496 276 5
496 277 5
496 307 5
497 2 5
497 6 5
497 15 5
497 19 5
497 28 5
497 30 5
497 35 5
497 42 5
497 66 5
497 73 5
497 102 5
497 103 5
497 108 5
497 110 5
497 123 5
497 136 5
497 175 5
497 223 5
497 235 5
497 256 5
497 265 5
497 282 5
497 296 5
497 297 5
497 325 5
497 330 5
497 343 5
497 357 5
498 16 5
498 33 5
498 45 5
498 63 5
498 65 5
498 69 5
498 93 5
498 151 5
498 153 5
498 171 5
498 184 5
498 240 5
498 332 5
498 343 5
498 355 5
499 16 5
499 33 5
499 45 5
499 63 5
499 65 5
499 69 5
499 93 5
499 151 5
499 153 5
499 171 5
499 184 5
499 240 5
499 332 5
499 343 5
499 355 5
500 271 5
500 301 5
501 16 5
501 67 5
501 82 5
501 102 5
501 179 5
501 248 5
501 250 5
501 256 5
501 296 5
501 331 5
502 0 5
502 5 5
502 23 5
502 26 5
502 39 5
502 45 5
502 55 5
502 61 5
502 73 5
502 135 5
502 156 5
502 160 5
502 161 5
502 175 5
502 181 5
502 210 5
502 212 5
502 233 5
502 283 5
502 285 5
502 296 5
502 297 5
502 310 5
502 337 5
502 343 5
503 124 5
503 156 5
503 334 5
504 38 5
504 50 5
504 172 5
504 357 5
504 365 4
504 368 4
504 481 4
504 482 4
504 483 4
505 49 5
505 96 5
505 103 5
505 170 5
505 196 5
505 240 5
505 267 5
505 328 5
505 334 5
506 0 5
506 19 5
506 72 5
506 123 5
506 187 5
506 197 5
506 297 5
506 299 5
506 343 5
507 0 5
507 2 5
507 4 5
507 5 5
507 21 5
507 33 5
507 63 5
507 71 5
507 74 5
507 85 5
507 93 5
507 99 5
507 102 5
507 105 5
507 108 5
507 151 5
507 156 5
507 170 5
507 172 5
507 174 5
507 181 5
507 190 5
507 197 5
507 207 5
507 235 5
507 257 5
507 276 5
507 297 5
507 300 5
507 304 5
507 334 5
507 352 5
508 8 5
508 23 5
508 96 5
508 103 5
508 113 5
508 161 5
508 172 5
508 276 5
508 288 5
508 300 5
509 47 5
509 105 5
509 156 5
509 189 5
509 250 5
510 113 5
510 114 5
510 187 5
510 207 5
510 223 5
510 235 5
510 288 5
510 300 5
510 310 5
511 19 5
511 113 5
511 114 5
511 187 5
511 207 5
511 223 5
511 235 5
511 250 5
511 288 5
511 300 5
511 310 5
512 25 5
512 105 5
512 196 5
512 207 5
512 223 5
512 252 5
512 300 5
512 310 5
512 330 5
512 332 5
512 343 5
512 351 5
513 16 5
513 63 5
513 67 5
513 82 5
513 102 5
513 179 5
513 248 5
513 250 5
513 256 5
513 296 5
513 307 5
513 331 5
514 2 5
514 6 5
514 15 5
514 19 5
514 28 5
514 30 5
514 35 5
514 42 5
514 66 5
514 73 5
514 102 5
514 103 5
514 108 5
514 110 5
514 123 5
514 136 5
514 175 5
514 223 5
514 235 5
514 256 5
514 265 5
514 282 5
514 296 5
514 297 5
514 325 5
514 330 5
514 343 5
514 357 5
515 2 5
515 6 5
515 15 5
515 19 5
515 28 5
515 30 5
515 35 5
515 42 5
515 66 5
515 73 5
515 102 5
515 103 5
515 108 5
515 110 5
515 123 5
515 136 5
515 175 5
515 223 5
515 235 5
515 256 5
515 265 5
515 282 5
515 296 5
515 297 5
515 325 5
515 330 5
515 343 5
515 357 5
516 0 5
516 2 5
516 21 5
516 26 5
516 35 5
516 42 5
516 43 5
516 113 5
516 161 5
516 193 5
516 196 5
516 211 5
516 296 5
516 301 5
516 347 5
516 352 5
517 5 5
517 33 5
517 47 5
517 163 5
517 189 5
517 210 5
517 223 5
518 47 5
518 49 5
518 63 5
518 93 5
518 124 5
518 197 5
518 210 5
518 297 5
518 303 5
518 330 5
519 0 5
519 33 5
519 37 5
519 72 5
519 74 5
519 85 5
519 86 5
519 93 5
519 106 5
519 171 5
519 174 5
519 189 5
519 197 5
519 217 5
519 311 5
519 332 5
519 337 5
519 350 5
519 351 5
520 0 5
520 33 5
520 37 5
520 72 5
520 74 5
520 85 5
520 86 5
520 93 5
520 106 5
520 171 5
520 174 5
520 189 5
520 197 5
520 217 5
520 311 5
520 332 5
520 337 5
520 350 5
520 351 5
521 5 5
521 14 5
521 15 5
521 21 5
521 26 5
521 32 5
521 42 5
521 43 5
521 103 5
521 113 5
521 151 5
521 196 5
521 210 5
521 211 5
521 242 5
521 256 5
521 296 5
521 321 5
521 337 5
521 347 5
521 349 5
521 352 5
521 356 5
522 14 5
522 33 5
522 163 5
522 170 5
522 184 5
522 197 5
522 321 5
523 43 5
523 137 5
523 223 5
523 240 5
523 266 5
524 43 5
524 137 5
524 223 5
524 240 5
524 266 5
525 0 5
525 38 5
525 78 5
525 137 5
525 154 5
526 5 5
526 23 5
526 61 5
526 103 5
526 217 5
526 334 5
526 351 5
527 66 5
527 69 5
528 5 5
528 55 5
528 78 5
528 103 5
528 161 5
528 250 5
528 300 5
528 334 5
528 335 5
529 25 5
529 26 5
529 33 5
529 69 5
529 71 5
529 73 5
529 96 5
529 99 5
529 105 5
529 125 5
529 135 5
529 136 5
529 145 5
529 160 5
529 181 5
529 248 5
529 277 5
529 292 5
529 303 5
529 310 5
529 334 5
529 343 5
529 349 5
529 356 5
529 357 5
530 21 5
530 49 5
530 74 5
530 96 5
530 102 5
530 132 5
530 148 5
530 164 5
530 296 5
530 333 5
531 10 5
531 33 5
531 85 5
531 105 5
531 112 5
531 126 5
531 172 5
531 187 5
531 196 5
531 252 5
531 332 5
531 336 5
531 351 5
532 5 5
532 33 5
532 45 5
532 47 5
532 93 5
532 96 5
532 145 5
532 210 5
532 250 5
532 343 5
533 6 5
533 25 5
533 26 5
533 38 5
533 61 5
533 66 5
533 105 5
533 113 5
533 137 5
533 211 5
533 223 5
533 256 5
533 296 5
533 297 5
533 321 5
533 332 5
533 339 5
533 357 5
534 5 5
534 55 5
534 63 5
534 69 5
534 161 5
534 197 5
534 300 5
534 332 5
534 334 5
534 335 5
535 37 5
535 300 5
535 310 5
535 337 5
536 5 5
536 7 5
536 21 5
536 25 5
536 33 5
536 35 5
536 46 5
536 63 5
536 74 5
536 93 5
536 105 5
536 114 5
536 124 5
536 126 5
536 151 5
536 171 5
536 190 5
536 217 5
536 254 5
536 259 5
536 266 5
536 292 5
536 297 5
536 300 5
536 328 5
536 346 5
536 351 5
536 357 5
537 102 5
537 117 5
537 123 5
537 189 5
537 288 5
537 300 5
537 332 5
538 0 5
538 38 5
538 47 5
538 66 5
538 69 5
538 111 5
538 181 5
538 190 5
538 191 5
538 196 5
538 197 5
538 235 5
538 242 5
538 248 5
538 266 5
538 289 5
538 297 5
538 300 5
538 301 5
538 303 5
538 347 5
538 351 5
539 0 5
539 26 5
539 35 5
539 63 5
539 69 5
539 78 5
539 99 5
539 114 5
539 132 5
539 156 5
539 164 5
539 166 5
539 172 5
539 207 5
539 217 5
539 240 5
539 256 5
539 259 5
539 300 5
539 330 5
539 332 5
539 345 5
539 347 5
540 103 5
541 2 5
541 223 5
541 235 5
541 307 5
542 33 5
542 65 5
542 66 5
542 74 5
542 87 5
542 93 5
542 124 5
542 184 5
542 201 5
542 242 5
542 277 5
542 325 5
542 332 5
542 337 5
543 19 5
543 113 5
543 114 5
543 187 5
543 207 5
543 223 5
543 235 5
543 250 5
543 288 5
543 300 5
543 310 5
544 19 5
544 113 5
544 114 5
544 187 5
544 207 5
544 223 5
544 235 5
544 250 5
544 288 5
544 300 5
544 310 5
545 5 5
545 25 5
545 66 5
545 181 5
545 300 5
545 318 5
545 333 5
545 351 5
546 0 5
546 26 5
546 63 5
546 69 5
546 78 5
546 99 5
546 114 5
546 132 5
546 146 5
546 156 5
546 164 5
546 166 5
546 240 5
546 259 5
546 260 5
546 261 5
546 332 5
546 345 5
546 347 5
547 45 5
547 50 5
547 69 5
547 93 5
547 96 5
547 105 5
547 113 5
547 176 5
547 197 5
547 232 5
547 259 5
547 287 5
547 293 5
547 310 5
547 328 5
547 332 5
547 352 5
547 357 5
547 365 4
547 368 4
547 481 4
547 482 4
547 483 4
548 223 5
548 250 5
548 256 5
548 282 5
548 304 5
549 93 5
549 164 5
549 172 5
549 211 5
549 224 5
549 250 5
549 299 5
549 332 5
549 334 5
550 38 5
550 45 5
550 61 5
550 69 5
550 102 5
551 297 5
552 150 5
552 297 5
553 250 5
554 21 5
554 38 5
554 47 5
554 62 5
554 96 5
554 103 5
554 105 5
554 125 5
554 148 5
554 172 5
554 176 5
554 197 5
554 301 5
554 334 5
554 356 5
554 357 5
555 17 5
555 25 5
555 26 5
555 33 5
555 61 5
555 62 5
555 69 5
555 102 5
555 105 5
555 148 5
555 189 5
555 263 5
556 2 5
556 23 5
556 25 5
556 28 5
556 37 5
556 45 5
556 63 5
556 66 5
556 68 5
556 87 5
556 105 5
556 148 5
556 181 5
556 184 5
556 211 5
556 235 5
556 251 5
556 259 5
556 300 5
556 301 5
556 307 5
556 330 5
556 335 5
557 35 5
557 64 5
557 69 5
557 148 5
557 276 5
557 332 5
557 339 5
558 5 5
558 7 5
558 21 5
558 25 5
558 33 5
558 35 5
558 46 5
558 63 5
558 74 5
558 93 5
558 105 5
558 114 5
558 124 5
558 126 5
558 151 5
558 171 5
558 190 5
558 217 5
558 254 5
558 259 5
558 266 5
558 292 5
558 297 5
558 300 5
558 328 5
558 346 5
558 351 5
558 357 5
559 37 5
560 148 5
560 187 5
560 250 5
560 277 5
560 332 5
561 33 5
561 35 5
561 46 5
561 105 5
561 114 5
561 254 5
561 297 5
562 25 5
563 21 5
563 32 5
563 33 5
563 38 5
563 45 5
563 63 5
563 65 5
563 93 5
563 106 5
563 145 5
563 155 5
563 165 5
563 191 5
563 198 5
563 212 5
563 223 5
563 240 5
563 251 5
563 256 5
563 277 5
563 287 5
563 310 5
563 337 5
563 350 5
564 0 5
564 5 5
564 33 5
564 37 5
564 65 5
564 69 5
564 85 5
564 93 5
564 96 5
564 99 5
564 124 5
564 132 5
564 172 5
564 174 5
564 181 5
564 189 5
564 197 5
564 212 5
564 266 5
564 276 5
564 296 5
564 297 5
564 311 5
564 325 5
564 332 5
564 335 5
564 337 5
564 343 5
564 351 5
565 0 5
565 33 5
565 37 5
565 72 5
565 74 5
565 85 5
565 86 5
565 93 5
565 106 5
565 171 5
565 174 5
565 189 5
565 197 5
565 217 5
565 311 5
565 332 5
565 337 5
565 350 5
565 351 5
566 93 5
566 299 5
566 334 5
567 28 5
567 69 5
567 100 5
567 102 5
567 156 5
567 172 5
567 223 5
567 337 5
568 26 5
568 38 5
568 58 5
568 63 5
568 64 5
568 117 5
568 133 5
568 161 5
568 163 5
568 251 5
568 297 5
568 300 5
568 334 5
568 343 5
568 345 5
569 296 5
569 297 5
569 301 5
569 330 5
570 105 5
570 156 5
570 184 5
570 197 5
570 242 5
570 281 5
570 297 5
570 303 5
570 310 5
570 330 5
570 331 5
570 332 5
570 333 5
571 0 5
571 19 5
571 25 5
571 33 5
571 35 5
571 45 5
571 47 5
571 78 5
571 111 5
571 113 5
571 132 5
571 135 5
571 153 5
571 163 5
571 164 5
571 197 5
571 207 5
571 233 5
571 240 5
571 299 5
571 300 5
571 334 5
571 351 5
572 6 5
572 14 5
572 21 5
572 42 5
572 43 5
572 62 5
572 69 5
572 71 5
572 93 5
572 101 5
572 156 5
572 181 5
572 243 5
572 250 5
572 256 5
572 289 5
572 299 5
572 301 5
572 310 5
572 330 5
572 332 5
572 351 5
572 352 5
573 153 5
573 161 5
573 337 5
574 2 5
574 21 5
574 23 5
574 57 5
574 150 5
574 169 5
574 189 5
574 219 5
574 220 5
574 277 5
574 282 5
574 303 5
574 311 5
574 332 5
574 340 5
575 73 5
576 0 5
576 5 5
576 28 5
576 102 5
576 223 5
576 310 5
576 357 5
577 0 5
577 116 5
577 137 5
577 156 5
577 168 5
577 224 5
577 233 5
577 296 5
577 331 5
578 50 5
578 365 4
578 368 4
578 481 4
578 482 4
578 483 4
579 33 5
579 38 5
579 74 5
579 85 5
579 96 5
579 112 5
579 286 5
580 0 5
580 5 5
580 21 5
580 38 5
580 48 5
580 69 5
580 85 5
580 87 5
580 96 5
580 97 5
580 102 5
580 124 5
580 125 5
580 136 5
580 145 5
580 161 5
580 172 5
580 184 5
580 197 5
580 210 5
580 223 5
580 240 5
580 243 5
580 248 5
580 249 5
580 251 5
580 264 5
580 275 5
580 277 5
580 289 5
580 303 5
580 331 5
580 332 5
580 335 5
580 340 5
581 2 5
581 6 5
581 15 5
581 19 5
581 28 5
581 30 5
581 35 5
581 42 5
581 66 5
581 73 5
581 102 5
581 103 5
581 108 5
581 110 5
581 123 5
581 136 5
581 175 5
581 208 5
581 223 5
581 235 5
581 256 5
581 265 5
581 282 5
581 296 5
581 297 5
581 325 5
581 330 5
581 343 5
581 357 5
582 2 5
582 6 5
582 15 5
582 19 5
582 28 5
582 30 5
582 35 5
582 42 5
582 66 5
582 73 5
582 102 5
582 103 5
582 108 5
582 110 5
582 123 5
582 136 5
582 175 5
582 223 5
582 235 5
582 256 5
582 265 5
582 282 5
582 296 5
582 297 5
582 325 5
582 330 5
582 343 5
582 357 5
583 0 5
583 5 5
583 9 5
583 33 5
583 37 5
583 65 5
583 69 5
583 85 5
583 93 5
583 96 5
583 99 5
583 124 5
583 132 5
583 172 5
583 174 5
583 181 5
583 189 5
583 197 5
583 212 5
583 266 5
583 276 5
583 296 5
583 297 5
583 311 5
583 325 5
583 332 5
583 335 5
583 337 5
583 343 5
583 351 5
584 0 5
584 15 5
584 33 5
584 57 5
584 63 5
584 65 5
584 85 5
584 96 5
584 103 5
584 107 5
584 111 5
584 123 5
584 137 5
584 214 5
584 254 5
584 256 5
584 284 5
584 287 5
584 289 5
584 297 5
584 335 5
584 343 5
585 136 5
585 170 5
586 136 5
586 170 5
9 13 1
9 29 1
9 219 1
11 229 1
11 274 1
12 56 1
12 84 1
12 177 1
12 219 1
12 229 1
12 274 1
12 275 1
12 327 1
13 9 1
13 29 1
13 89 1
13 146 1
13 177 1
14 72 3
17 70 1
17 340 1
18 70 1
18 290 1
24 219 1
24 229 1
24 316 1
24 358 1
29 70 1
29 79 1
29 84 1
29 89 1
29 146 1
29 219 1
29 290 1
29 315 1
29 316 1
29 341 1
40 262 1
41 183 1
41 306 1
42 219 1
42 308 1
42 316 1
43 70 1
43 158 1
43 358 1
44 70 1
44 260 1
44 262 1
52 12 1
52 177 1
52 208 1
52 228 1
52 298 1
52 305 1
53 29 1
53 52 1
53 84 1
53 97 1
53 152 1
53 261 1
53 269 1
53 340 1
54 24 1
54 29 1
54 219 1
54 226 1
54 228 1
54 246 1
56 12 1
56 177 1
56 219 1
56 270 1
70 290 1
75 89 1
75 138 1
75 200 1
75 270 1
75 340 1
76 12 1
76 27 1
76 29 1
76 53 1
76 59 1
76 70 1
76 75 1
76 120 1
76 147 1
76 173 1
76 216 1
76 219 1
76 220 1
76 262 1
76 270 1
76 340 1
76 342 1
77 59 1
79 12 1
79 84 1
79 146 1
79 216 1
79 229 1
79 262 1
79 326 1
79 340 1
79 342 1
82 340 2
83 97 1
83 314 1
84 29 1
84 53 1
84 75 1
84 97 1
84 219 1
84 229 1
84 238 1
84 274 1
84 342 1
84 360 1
89 9 1
89 12 1
89 29 1
89 56 1
89 76 1
89 177 1
89 219 1
89 269 1
89 279 1
89 306 1
89 340 1
90 177 1
91 79 1
91 88 1
91 109 1
91 216 1
91 329 1
91 340 1
92 79 1
92 88 1
92 109 1
92 219 1
92 340 1
93 12 2
94 91 1
97 29 1
97 138 1
97 219 1
97 340 1
108 229 2
108 274 2
109 84 1
109 88 1
109 120 1
109 127 1
109 138 1
112 70 1
112 219 1
112 229 1
112 295 1
112 308 1
112 340 1
114 97 2
115 246 1
115 327 1
118 208 1
120 12 1
120 219 1
121 12 1
121 79 1
121 182 1
122 12 1
122 24 1
122 120 1
122 290 1
127 109 1
127 278 1
127 308 1
127 323 1
128 41 1
128 88 1
128 89 1
128 229 1
128 274 1
128 317 1
128 327 1
129 142 1
134 80 1
134 177 1
134 295 1
134 305 1
138 12 1
138 75 1
138 76 1
138 79 1
138 89 1
138 183 1
138 229 1
138 260 1
138 306 1
138 316 1
138 340 1
139 75 1
139 183 1
139 219 1
139 220 1
139 306 1
139 341 1
140 177 1
140 219 1
141 18 1
141 140 1
141 177 1
141 183 1
141 203 1
141 279 1
141 295 1
142 89 1
142 203 1
142 229 1
142 274 1
142 319 1
142 340 1
143 76 1
144 129 1
144 130 1
144 264 1
145 76 2
145 86 3
145 219 2
145 290 2
145 316 2
145 351 3
146 11 1
146 12 1
146 13 1
146 77 1
146 261 1
146 316 1
146 354 1
147 29 1
147 306 1
147 340 1
150 149 1
150 219 1
150 261 1
150 327 1
151 220 1
151 298 1
151 340 1
152 220 1
152 229 1
152 274 1
158 177 1
158 229 1
158 274 1
159 146 1
161 29 2
161 303 2
172 76 1
172 216 1
172 340 1
174 33 3
177 12 1
177 29 1
177 70 1
177 91 1
177 92 1
177 97 1
177 144 1
177 216 1
177 219 1
177 230 1
177 261 1
177 269 1
177 279 1
177 308 1
177 340 1
177 342 1
178 24 1
178 216 1
180 226 1
181 288 3
182 262 1
183 41 1
183 226 1
183 269 1
183 340 1
184 121 1
184 146 1
188 12 1
188 56 1
188 89 1
188 208 1
188 219 1
188 326 1
199 219 1
200 226 1
200 260 1
202 89 1
203 177 1
204 177 1
204 202 1
205 12 1
206 29 1
206 128 1
206 178 1
208 146 1
209 314 1
213 72 3
213 212 3
215 29 1
215 89 1
215 138 1
215 219 1
215 298 1
216 128 1
216 219 1
218 49 3
218 219 2
218 306 2
219 27 1
219 53 1
219 84 1
219 120 1
219 127 1
219 129 1
219 139 1
219 338 1
219 340 1
219 342 1
220 27 1
220 139 1
220 147 1
220 340 1
226 41 1
226 129 1
226 130 1
226 182 1
226 260 1
227 12 1
227 89 1
227 262 1
228 219 1
228 340 1
229 12 1
229 54 1
229 76 1
229 79 1
229 122 1
229 128 1
229 138 1
229 143 1
229 146 1
229 152 1
229 180 1
229 219 1
229 227 1
229 264 1
229 298 1
229 317 1
229 340 1
229 360 1
230 146 1
231 70 1
234 56 1
234 129 1
234 204 1
238 229 1
238 274 1
239 76 2
239 212 3
239 288 3
245 188 1
245 220 1
245 270 1
245 340 1
245 358 1
246 264 1
247 226 1
253 188 1
258 12 1
258 41 1
258 127 1
259 208 2
260 41 1
260 130 1
260 226 1
261 313 1
262 183 1
262 219 1
262 237 1
262 258 1
262 340 1
269 91 1
269 150 1
270 29 1
270 70 1
270 76 1
270 77 1
270 219 1
270 262 1
270 306 1
272 229 1
274 12 1
274 76 1
274 79 1
274 122 1
274 128 1
274 138 1
274 143 1
274 146 1
274 180 1
274 219 1
274 227 1
274 261 1
274 264 1
274 290 1
274 298 1
274 315 1
274 316 1
274 317 1
274 340 1
274 360 1
275 12 1
275 315 1
278 177 1
278 183 1
278 228 1
278 229 1
278 274 1
278 308 1
279 12 1
279 89 1
280 149 1
280 150 1
290 56 1
290 97 1
290 122 1
290 146 1
290 158 1
290 219 1
290 246 1
290 262 1
290 340 1
290 342 1
292 297 3
294 9 1
294 115 1
294 177 1
294 219 1
295 9 1
295 134 1
295 177 1
295 219 1
297 207 3
297 219 2
299 260 1
302 208 1
303 246 1
305 12 1
305 143 1
305 183 1
305 208 1
306 9 1
306 11 1
306 12 1
306 29 1
306 52 1
306 75 1
306 76 1
306 79 1
306 89 1
306 120 1
306 128 1
306 141 1
306 147 1
306 150 1
306 185 1
306 215 1
306 219 1
306 220 1
306 228 1
306 230 1
306 246 1
306 269 1
306 290 1
306 305 1
306 312 1
306 360 1
308 24 1
308 109 1
308 127 1
308 316 1
312 12 1
312 262 1
313 150 1
313 262 1
314 52 1
315 238 1
315 261 1
315 316 1
315 340 1
316 12 1
316 24 1
316 70 1
316 75 1
316 90 1
316 146 1
316 219 1
316 226 1
316 258 1
316 261 1
316 315 1
316 340 1
316 341 1
317 219 1
318 23 3
318 24 2
318 33 3
318 89 2
318 155 3
318 306 2
319 315 1
320 152 1
323 88 1
323 216 1
323 220 1
323 229 1
324 128 2
324 360 2
326 177 1
326 183 1
326 208 1
326 219 1
327 56 1
327 128 1
327 316 1
329 91 1
338 219 1
340 29 1
340 56 1
340 75 1
340 76 1
340 77 1
340 79 1
340 89 1
340 97 1
340 120 1
340 122 1
340 150 1
340 158 1
340 182 1
340 219 1
340 229 1
340 245 1
340 270 1
340 274 1
340 294 1
340 315 1
340 316 1
340 327 1
340 342 1
341 29 1
341 183 1
341 261 1
341 326 1
342 76 1
343 27 1
343 89 1
343 216 1
343 228 1
343 279 1
343 359 1
348 11 1
348 115 1
348 229 1
348 258 1
348 274 1
350 227 1
354 12 1
354 146 1
354 326 1
354 340 1
358 70 1
358 89 1
359 12 1
359 76 1
359 220 1
360 29 1
360 53 1
360 54 1
360 138 1
360 139 1
360 140 1
360 146 1
360 219 1
360 228 1
360 329 1
360 340 1
360 342 1
361 188 1
361 305 1
362 219 1
363 260 1
0 236 2
0 237 2
0 280 2
0 284 3
0 312 2
0 313 2
1 2 3
1 49 3
1 222 3
1 223 3
1 224 3
1 322 3
3 241 3
5 286 3
9 89 1
10 46 3
11 84 1
11 340 1
12 29 1
12 53 1
12 89 1
12 97 1
12 121 1
12 138 1
12 227 1
12 294 1
12 316 1
12 340 1
13 53 1
13 84 1
13 85 1
13 354 1
14 52 2
14 161 3
14 259 3
17 18 1
17 43 1
17 112 1
17 113 1
17 138 1
17 177 1
17 178 1
17 294 1
18 52 1
18 53 1
18 84 1
18 177 1
18 358 1
19 289 3
22 158 2
22 311 3
23 57 3
23 58 3
23 156 3
23 316 2
23 340 2
23 342 2
24 138 1
24 141 1
24 210 1
24 227 1
24 245 1
24 324 1
24 340 1
25 52 2
25 202 2
25 233 3
25 242 3
27 29 1
27 97 1
27 139 1
27 320 1
27 340 1
27 360 1
27 361 1
28 123 3
29 53 1
29 97 1
29 138 1
29 139 1
29 258 1
29 340 1
30 90 2
31 56 2
31 89 2
31 90 2
31 132 3
31 176 3
31 284 3
31 337 3
32 168 3
32 177 2
32 229 2
32 274 2
32 288 3
32 349 3
33 270 2
34 176 3
35 345 3
36 49 3
36 60 3
36 111 3
36 137 3
36 176 3
36 207 3
36 211 3
36 212 3
36 226 2
36 241 3
36 309 3
36 337 3
36 343 2
36 349 3
38 56 2
39 56 2
41 260 1
42 43 1
42 70 1
42 76 1
42 84 1
42 121 1
42 138 1
42 184 1
42 262 1
42 269 1
42 278 1
42 340 1
43 44 1
43 52 1
43 84 1
43 89 1
43 121 1
43 138 1
43 177 1
43 184 1
43 216 1
43 219 1
43 229 1
43 262 1
43 274 1
43 278 1
43 279 1
43 294 1
43 295 1
43 316 1
44 184 1
47 53 2
47 84 2
47 122 2
47 146 2
47 329 2
48 212 3
49 102 3
49 111 3
49 175 3
49 176 3
49 257 3
49 279 2
49 307 3
50 102 3
50 111 3
50 176 3
50 257 3
50 307 3
52 53 1
52 56 1
52 79 1
52 84 1
52 113 1
52 121 1
52 178 1
52 202 1
52 274 1
52 316 1
52 340 1
53 56 1
53 80 1
53 81 1
53 85 1
53 89 1
53 112 1
53 121 1
53 122 1
53 138 1
53 139 1
53 146 1
53 150 1
53 173 1
53 177 1
53 188 1
53 216 1
53 219 1
53 225 1
53 227 1
53 229 1
53 262 1
53 272 1
53 274 1
53 278 1
53 280 1
53 294 1
53 295 1
53 306 1
53 315 1
53 316 1
53 318 1
53 319 1
53 326 1
53 327 1
53 360 1
54 84 1
54 97 1
54 260 1
54 320 1
54 360 1
55 111 3
56 72 1
56 84 1
56 89 1
56 97 1
56 108 1
56 120 1
56 121 1
56 122 1
56 138 1
56 146 1
56 150 1
56 183 1
56 188 1
56 204 1
56 206 1
56 207 1
56 226 1
56 229 1
56 235 1
56 253 1
56 260 1
56 262 1
56 272 1
56 274 1
56 290 1
56 294 1
56 295 1
56 297 1
56 298 1
56 303 1
56 305 1
56 326 1
56 327 1
56 328 1
56 340 1
60 61 3
60 207 3
63 243 3
63 311 3
63 345 3
70 112 1
70 358 1
72 73 3
72 356 3
75 76 1
75 97 1
75 139 1
75 202 1
75 290 1
75 298 1
75 316 1
75 320 1
75 345 1
76 77 1
76 84 1
76 97 1
76 122 1
76 138 1
76 229 1
76 290 1
76 306 1
77 270 1
78 212 3
79 80 1
79 112 1
79 113 1
79 177 1
79 178 1
79 314 1
80 81 1
80 84 1
80 112 1
80 113 1
80 302 1
81 84 1
81 112 1
81 113 1
84 85 1
84 89 1
84 91 1
84 112 1
84 120 1
84 121 1
84 122 1
84 127 1
84 128 1
84 129 1
84 138 1
84 139 1
84 140 1
84 142 1
84 146 1
84 150 1
84 172 1
84 173 1
84 177 1
84 178 1
84 183 1
84 184 1
84 188 1
84 203 1
84 216 1
84 225 1
84 227 1
84 231 1
84 235 1
84 239 1
84 258 1
84 262 1
84 272 1
84 273 1
84 278 1
84 280 1
84 290 1
84 294 1
84 295 1
84 305 1
84 306 1
84 308 1
84 312 1
84 315 1
84 316 1
84 318 1
84 319 1
84 327 1
84 340 1
84 348 1
85 146 1
85 219 1
85 260 1
85 354 1
86 289 3
89 90 1
89 97 1
89 111 1
89 121 1
89 128 1
89 138 1
89 139 1
89 146 1
89 206 1
89 215 1
89 227 1
89 229 1
89 274 1
89 289 1
89 315 1
89 316 1
90 227 1
90 306 1
91 92 1
91 121 1
91 128 1
91 230 1
91 245 1
91 278 1
91 314 1
92 160 1
97 139 1
97 140 1
97 220 1
97 274 1
97 290 1
97 298 1
97 316 1
97 320 1
97 360 1
98 333 3
99 100 3
99 288 3
99 333 3
100 111 3
102 111 3
102 193 3
102 332 3
103 121 2
103 122 2
103 225 2
104 148 3
105 207 3
105 249 3
107 272 2
107 315 2
107 316 2
107 317 2
107 318 3
107 319 2
108 188 2
109 278 1
109 323 1
111 168 3
111 175 3
111 176 3
111 191 3
111 193 3
111 257 3
111 286 3
111 307 3
111 309 3
111 316 2
111 331 3
111 334 3
111 337 3
111 349 3
111 354 2
112 113 1
112 114 1
112 177 1
112 178 1
112 194 1
112 208 1
112 239 1
112 274 1
112 279 1
112 294 1
112 306 1
112 314 1
112 316 1
112 360 1
113 114 3
113 138 2
113 139 2
113 177 2
113 178 2
113 239 3
113 290 2
114 177 2
114 178 2
118 260 1
120 218 1
120 294 1
121 122 1
121 150 1
121 290 1
121 294 1
121 312 1
121 316 1
122 146 1
122 160 1
122 278 1
122 294 1
122 295 1
122 316 1
122 340 1
124 211 3
125 135 3
125 202 2
126 340 2
127 216 1
128 138 1
128 278 1
128 319 1
128 323 1
128 324 1
129 204 1
129 234 1
129 305 1
129 311 1
129 314 1
131 315 2
132 133 3
132 198 3
137 211 3
137 212 3
138 139 1
138 140 1
138 142 1
138 146 1
138 172 1
138 177 1
138 188 1
138 200 1
138 202 1
138 215 1
138 219 1
138 220 1
138 225 1
138 227 1
138 270 1
138 272 1
138 274 1
138 275 1
138 278 1
138 290 1
138 294 1
138 295 1
138 298 1
138 303 1
138 315 1
138 320 1
138 327 1
138 360 1
138 361 1
138 362 1
139 140 1
139 172 1
139 200 1
139 202 1
139 215 1
139 227 1
139 270 1
139 272 1
139 274 1
139 275 1
139 278 1
139 298 1
139 302 1
139 316 1
139 320 1
139 340 1
139 360 1
140 141 1
140 227 1
140 262 1
141 146 1
141 204 1
141 227 1
141 290 1
141 294 1
141 360 1
141 361 1
142 227 1
143 144 1
143 272 1
144 235 1
144 272 1
146 177 1
146 219 1
146 235 1
146 274 1
146 278 1
146 290 1
146 294 1
146 306 1
146 340 1
146 358 1
147 177 1
148 312 2
148 313 2
149 150 1
150 188 1
150 294 1
150 295 1
151 152 1
152 205 1
152 247 1
160 225 2
160 326 2
160 334 3
161 326 2
165 168 3
165 189 3
167 168 3
167 171 3
167 221 3
167 337 3
168 177 2
168 189 3
168 221 3
168 229 2
168 274 2
168 315 2
168 316 2
168 319 2
168 337 3
168 349 3
171 221 3
171 233 3
171 337 3
172 177 1
172 221 1
172 308 1
172 315 1
172 316 1
173 177 1
173 221 1
173 315 1
174 315 2
174 316 2
174 317 2
174 318 3
174 319 2
175 176 3
176 309 3
176 334 3
176 335 3
176 349 3
177 178 1
177 194 1
177 208 1
177 229 1
177 274 1
177 290 1
177 294 1
177 295 1
177 306 1
177 315 1
177 316 1
178 206 1
182 229 1
182 274 1
183 219 1
183 260 1
183 303 1
184 262 1
184 269 1
187 201 3
188 278 1
188 294 1
188 295 1
189 316 2
192 262 2
193 330 3
193 334 3
195 311 3
198 203 2
198 204 2
198 239 3
199 220 1
200 215 1
202 227 1
202 303 1
202 359 1
203 204 1
203 225 1
203 234 1
204 225 1
204 234 1
205 247 1
206 294 1
207 289 3
207 316 2
208 246 1
208 302 1
208 308 1
211 212 3
212 316 2
212 334 3
215 340 1
216 278 1
216 308 1
216 323 1
219 220 1
219 226 1
219 229 1
219 260 1
219 294 1
219 295 1
219 303 1
219 306 1
219 316 1
219 329 1
219 360 1
221 229 2
221 336 3
221 337 3
222 223 3
222 224 3
222 278 2
222 322 3
223 224 3
224 322 3
225 294 1
225 326 1
226 303 1
226 316 1
227 237 1
227 238 1
227 261 1
227 269 1
227 272 1
227 280 1
227 290 1
227 292 1
227 294 1
227 360 1
227 361 1
229 230 1
229 235 1
229 262 1
229 263 1
229 273 1
229 274 1
229 290 1
229 306 1
229 315 1
229 316 1
229 337 1
230 273 1
230 274 1
231 306 1
232 233 3
233 242 3
234 314 1
235 257 3
235 272 2
235 294 2
236 237 1
236 280 1
237 280 1
237 312 1
238 280 1
239 280 2
240 287 3
240 352 3
241 344 3
243 311 3
243 345 3
245 278 1
246 303 1
249 289 3
249 316 2
250 251 3
252 340 2
252 341 2
255 288 3
258 303 1
259 302 2
260 294 1
260 316 1
260 360 1
261 280 1
261 290 1
262 274 1
262 280 1
262 290 1
262 294 1
262 306 1
262 312 1
262 313 1
263 274 2
267 268 3
269 278 1
269 280 1
269 308 1
269 361 1
270 279 1
270 340 1
273 274 1
274 294 1
274 306 1
274 311 1
274 337 1
278 323 1
278 324 1
279 294 1
279 305 1
279 309 1
279 315 1
282 340 2
283 340 2
284 334 3
284 335 3
284 337 3
286 334 3
286 335 3
289 332 3
290 320 1
290 360 1
292 294 2
292 295 2
294 295 1
294 296 1
294 298 1
294 303 1
294 306 1
294 316 1
294 330 1
294 332 1
294 340 1
294 359 1
295 296 1
295 298 1
295 306 1
295 327 1
295 332 1
296 297 3
297 315 2
297 332 3
298 320 1
298 340 1
298 343 1
299 305 1
299 340 1
299 343 1
300 321 3
303 316 1
303 325 1
303 341 1
306 316 1
306 340 1
306 348 1
307 309 3
307 349 3
308 323 1
311 340 2
311 345 3
312 313 1
313 340 1
315 317 1
315 318 1
316 317 1
316 318 1
317 319 1
318 319 2
320 360 1
323 326 1
327 328 1
328 340 2
329 340 1
330 332 3
336 337 3
340 341 1
340 343 1
340 359 1
340 360 1
341 342 1
424 425 4
425 424 4
439 460 4
460 439 4
482 483 4
446 447 4
447 446 4
446 538 4
538 446 4
447 538 4
538 447 4
493 495 4
495 493 4
436 439 4
439 436 4
405 448 4
448 405 4
445 581 4
581 445 4
445 454 4
454 445 4
420 422 4
422 420 4
423 432 4
432 423 4
432 444 4
444 432 4
444 454 4
454 444 4
454 581 4
581 454 4
423 444 4
444 423 4
444 445 4
445 444 4
432 454 4
454 432 4
444 581 4
581 444 4
432 445 4
445 432 4
423 454 4
454 423 4
432 581 4
581 432 4
423 445 4
445 423 4
423 581 4
581 423 4
549 573 4
573 549 4
516 532 4
532 516 4
516 533 4
533 516 4
523 524 4
524 523 4
523 525 4
525 523 4
397 530 4
530 397 4
381 555 4
555 381 4
382 576 4
576 382 4
480 534 4
534 480 4
397 573 4
573 397 4
484 523 4
523 484 4
532 533 4
533 532 4
397 549 4
549 397 4
501 576 4
576 501 4
524 525 4
525 524 4
418 557 4
557 418 4
540 541 4
541 540 4
484 524 4
524 484 4
530 573 4
573 530 4
530 549 4
549 530 4
382 501 4
501 382 4
528 534 4
534 528 4
529 566 4
566 529 4
526 557 4
557 526 4
484 525 4
525 484 4
480 528 4
528 480 4
556 568 4
568 556 4
382 480 4
480 382 4
530 552 4
552 530 4
381 568 4
568 381 4
382 534 4
534 382 4
566 572 4
572 566 4
397 552 4
552 397 4
480 576 4
576 480 4
418 526 4
526 418 4
555 568 4
568 555 4
501 555 4
555 501 4
534 576 4
576 534 4
400 541 4
541 400 4
552 573 4
573 552 4
552 572 4
572 552 4
381 501 4
501 381 4
549 552 4
552 549 4
480 501 4
501 480 4
526 532 4
532 526 4
501 534 4
534 501 4
382 528 4
528 382 4
516 526 4
526 516 4
555 576 4
576 555 4
529 572 4
572 529 4
400 540 4
540 400 4
381 556 4
556 381 4
526 533 4
533 526 4
528 576 4
576 528 4
381 576 4
576 381 4
382 555 4
555 382 4
555 556 4
556 555 4
381 382 4
382 381 4
484 529 4
529 484 4
532 557 4
557 532 4
501 528 4
528 501 4
530 572 4
572 530 4
501 568 4
568 501 4
516 557 4
557 516 4
397 572 4
572 397 4
552 566 4
566 552 4
523 529 4
529 523 4
533 557 4
557 533 4
524 529 4
529 524 4
418 532 4
532 418 4
572 573 4
573 572 4
418 516 4
516 418 4
549 572 4
572 549 4
480 555 4
555 480 4
484 566 4
566 484 4
568 576 4
576 568 4
418 533 4
533 418 4
525 529 4
529 525 4
381 480 4
480 381 4
534 555 4
555 534 4
382 568 4
568 382 4
529 552 4
552 529 4
523 566 4
566 523 4
501 556 4
556 501 4
381 534 4
534 381 4
524 566 4
566 524 4
530 566 4
566 530 4
397 566 4
566 397 4
528 555 4
555 528 4
525 566 4
566 525 4
556 576 4
576 556 4
566 573 4
573 566 4
381 528 4
528 381 4
549 566 4
566 549 4
382 556 4
556 382 4
484 572 4
572 484 4
480 568 4
568 480 4
529 530 4
530 529 4
534 568 4
568 534 4
397 529 4
529 397 4
523 572 4
572 523 4
524 572 4
572 524 4
529 573 4
573 529 4
529 549 4
549 529 4
525 572 4
572 525 4
528 568 4
568 528 4
480 556 4
556 480 4
534 556 4
556 534 4
484 552 4
552 484 4
523 552 4
552 523 4
528 556 4
556 528 4
524 552 4
552 524 4
525 552 4
552 525 4
484 530 4
530 484 4
397 484 4
484 397 4
523 530 4
530 523 4
524 530 4
530 524 4
484 573 4
573 484 4
397 523 4
523 397 4
484 549 4
549 484 4
397 524 4
524 397 4
523 573 4
573 523 4
525 530 4
530 525 4
523 549 4
549 523 4
524 573 4
573 524 4
524 549 4
549 524 4
397 525 4
525 397 4
525 573 4
573 525 4
525 549 4
549 525 4
440 558 4
558 440 4
394 458 4
458 394 4
426 427 4
427 426 4
470 476 4
476 470 4
472 476 4
476 472 4
368 586 4
586 368 4
518 519 4
519 518 4
470 472 4
472 470 4
368 386 4
386 368 4
386 586 4
586 386 4
519 520 4
520 519 4
518 520 4
520 518 4
366 585 4
585 366 4
393 486 4
486 393 4
364 365 4
365 364 4
421 422 4
422 421 4
435 537 4
537 435 4
488 489 4
489 488 4
490 515 4
515 490 4
487 489 4
489 487 4
487 490 4
490 487 4
487 488 4
488 487 4
487 515 4
515 487 4
489 490 4
490 489 4
488 490 4
490 488 4
489 515 4
515 489 4
488 515 4
515 488 4
543 544 4
544 543 4
407 409 4
409 407 4
473 583 4
583 473 4
429 584 4
584 429 4
377 583 4
583 377 4
377 473 4
473 377 4
481 482 4
471 477 4
477 471 4
364 369 4
369 364 4
472 477 4
477 472 4
471 472 4
472 471 4
367 369 4
369 367 4
364 367 4
367 364 4
445 455 4
455 445 4
514 581 4
581 514 4
376 433 4
433 376 4
433 455 4
455 433 4
455 581 4
581 455 4
536 561 4
561 536 4
445 514 4
514 445 4
433 445 4
445 433 4
376 455 4
455 376 4
455 514 4
514 455 4
433 581 4
581 433 4
376 445 4
445 376 4
376 581 4
581 376 4
433 514 4
514 433 4
376 514 4
514 376 4
466 467 4
467 466 4
469 545 4
545 469 4
513 560 4
560 513 4
443 459 4
459 443 4
364 373 4
373 364 4
418 549 4
549 418 4
418 573 4
573 418 4
397 418 4
418 397 4
549 557 4
557 549 4
557 573 4
573 557 4
418 530 4
530 418 4
523 556 4
556 523 4
397 557 4
557 397 4
525 556 4
556 525 4
530 557 4
557 530 4
526 549 4
549 526 4
524 556 4
556 524 4
526 573 4
573 526 4
418 552 4
552 418 4
397 526 4
526 397 4
523 568 4
568 523 4
484 556 4
556 484 4
525 568 4
568 525 4
526 530 4
530 526 4
552 557 4
557 552 4
524 568 4
568 524 4
381 523 4
523 381 4
484 568 4
568 484 4
526 552 4
552 526 4
381 525 4
525 381 4
523 555 4
555 523 4
532 549 4
549 532 4
525 555 4
555 525 4
532 573 4
573 532 4
516 549 4
549 516 4
418 572 4
572 418 4
516 573 4
573 516 4
381 524 4
524 381 4
533 549 4
549 533 4
397 532 4
532 397 4
533 573 4
573 533 4
524 555 4
555 524 4
397 516 4
516 397 4
530 532 4
532 530 4
557 572 4
572 557 4
397 533 4
533 397 4
516 530 4
530 516 4
381 484 4
484 381 4
530 533 4
533 530 4
484 555 4
555 484 4
540 554 4
554 540 4
529 556 4
556 529 4
501 523 4
523 501 4
418 566 4
566 418 4
526 572 4
572 526 4
501 525 4
525 501 4
541 554 4
554 541 4
532 552 4
552 532 4
516 552 4
552 516 4
557 566 4
566 557 4
523 576 4
576 523 4
501 524 4
524 501 4
533 552 4
552 533 4
556 566 4
566 556 4
525 576 4
576 525 4
382 523 4
523 382 4
418 529 4
529 418 4
529 568 4
568 529 4
382 525 4
525 382 4
484 501 4
501 484 4
524 576 4
576 524 4
529 557 4
557 529 4
526 566 4
566 526 4
382 524 4
524 382 4
484 576 4
576 484 4
566 568 4
568 566 4
480 523 4
523 480 4
400 554 4
554 400 4
532 572 4
572 532 4
382 484 4
484 382 4
556 572 4
572 556 4
381 529 4
529 381 4
480 525 4
525 480 4
523 534 4
534 523 4
516 572 4
572 516 4
526 529 4
529 526 4
529 555 4
555 529 4
533 572 4
572 533 4
525 534 4
534 525 4
480 524 4
524 480 4
524 534 4
534 524 4
381 566 4
566 381 4
523 528 4
528 523 4
568 572 4
572 568 4
480 484 4
484 480 4
525 528 4
528 525 4
555 566 4
566 555 4
532 566 4
566 532 4
484 534 4
534 484 4
516 566 4
566 516 4
524 528 4
528 524 4
418 484 4
484 418 4
533 566 4
566 533 4
552 556 4
556 552 4
501 529 4
529 501 4
418 523 4
523 418 4
484 557 4
557 484 4
418 524 4
524 418 4
484 528 4
528 484 4
529 532 4
532 529 4
381 572 4
572 381 4
516 529 4
529 516 4
523 557 4
557 523 4
529 576 4
576 529 4
555 572 4
572 555 4
529 533 4
533 529 4
418 525 4
525 418 4
524 557 4
557 524 4
501 566 4
566 501 4
382 529 4
529 382 4
552 568 4
568 552 4
530 556 4
556 530 4
484 526 4
526 484 4
525 557 4
557 525 4
397 556 4
556 397 4
523 526 4
526 523 4
566 576 4
576 566 4
556 573 4
573 556 4
524 526 4
526 524 4
549 556 4
556 549 4
382 566 4
566 382 4
480 529 4
529 480 4
530 568 4
568 530 4
525 526 4
526 525 4
381 552 4
552 381 4
501 572 4
572 501 4
529 534 4
534 529 4
397 568 4
568 397 4
552 555 4
555 552 4
568 573 4
573 568 4
549 568 4
568 549 4
572 576 4
576 572 4
480 566 4
566 480 4
528 529 4
529 528 4
484 532 4
532 484 4
382 572 4
572 382 4
534 566 4
566 534 4
484 516 4
516 484 4
381 530 4
530 381 4
523 532 4
532 523 4
484 533 4
533 484 4
381 397 4
397 381 4
530 555 4
555 530 4
516 523 4
523 516 4
524 532 4
532 524 4
397 555 4
555 397 4
516 524 4
524 516 4
523 533 4
533 523 4
381 573 4
573 381 4
528 566 4
566 528 4
501 552 4
552 501 4
381 549 4
549 381 4
524 533 4
533 524 4
555 573 4
573 555 4
525 532 4
532 525 4
480 572 4
572 480 4
549 555 4
555 549 4
516 525 4
525 516 4
418 556 4
556 418 4
534 572 4
572 534 4
525 533 4
533 525 4
552 576 4
576 552 4
556 557 4
557 556 4
382 552 4
552 382 4
501 530 4
530 501 4
528 572 4
572 528 4
397 501 4
501 397 4
418 568 4
568 418 4
501 573 4
573 501 4
530 576 4
576 530 4
526 556 4
556 526 4
501 549 4
549 501 4
557 568 4
568 557 4
397 576 4
576 397 4
480 552 4
552 480 4
382 530 4
530 382 4
534 552 4
552 534 4
382 397 4
397 382 4
573 576 4
576 573 4
549 576 4
576 549 4
382 573 4
573 382 4
381 418 4
418 381 4
382 549 4
549 382 4
526 568 4
568 526 4
418 555 4
555 418 4
528 552 4
552 528 4
381 557 4
557 381 4
480 530 4
530 480 4
397 480 4
480 397 4
555 557 4
557 555 4
530 534 4
534 530 4
397 534 4
534 397 4
480 573 4
573 480 4
532 556 4
556 532 4
480 549 4
549 480 4
516 556 4
556 516 4
534 573 4
573 534 4
381 526 4
526 381 4
534 549 4
549 534 4
533 556 4
556 533 4
528 530 4
530 528 4
526 555 4
555 526 4
397 528 4
528 397 4
418 501 4
501 418 4
528 573 4
573 528 4
532 568 4
568 532 4
528 549 4
549 528 4
501 557 4
557 501 4
516 568 4
568 516 4
418 576 4
576 418 4
533 568 4
568 533 4
382 418 4
418 382 4
557 576 4
576 557 4
501 526 4
526 501 4
382 557 4
557 382 4
381 532 4
532 381 4
381 516 4
516 381 4
532 555 4
555 532 4
381 533 4
533 381 4
516 555 4
555 516 4
418 480 4
480 418 4
526 576 4
576 526 4
533 555 4
555 533 4
418 534 4
534 418 4
382 526 4
526 382 4
480 557 4
557 480 4
534 557 4
557 534 4
418 528 4
528 418 4
501 532 4
532 501 4
480 526 4
526 480 4
501 516 4
516 501 4
528 557 4
557 528 4
526 534 4
534 526 4
501 533 4
533 501 4
532 576 4
576 532 4
516 576 4
576 516 4
382 532 4
532 382 4
533 576 4
576 533 4
526 528 4
528 526 4
382 516 4
516 382 4
382 533 4
533 382 4
480 532 4
532 480 4
480 516 4
516 480 4
532 534 4
534 532 4
480 533 4
533 480 4
516 534 4
534 516 4
533 534 4
534 533 4
528 532 4
532 528 4
516 528 4
528 516 4
528 533 4
533 528 4
372 395 4
395 372 4
564 565 4
565 564 4
461 462 4
462 461 4
396 453 4
453 396 4
428 584 4
584 428 4
428 429 4
429 428 4
492 494 4
494 492 4
561 567 4
567 561 4
536 567 4
567 536 4
431 513 4
513 431 4
431 560 4
560 431 4
