587 5636 7
2 2 2 2 2 2 2 2 2 1 2 1 1 1 2 2 2 1 1 2 2 2 2 2 1 2 2 1 2 1 2 2 2 2 2 2 2 2 2 2 1 1 1 1 1 2 2 2 2 2 2 2 1 1 1 2 1 2 2 1 2 2 2 2 2 2 2 2 2 2 1 2 2 2 2 1 1 1 2 1 1 1 2 1 1 1 2 2 1 1 1 1 1 2 1 1 2 1 2 2 2 2 2 2 2 2 2 2 2 1 2 2 1 2 2 1 2 2 1 1 1 1 1 2 2 2 2 1 1 1 1 2 2 2 1 2 2 2 1 1 1 1 1 1 1 2 1 1 2 1 1 1 1 2 1 2 2 2 1 1 2 2 2 2 2 2 2 2 2 1 2 2 1 1 2 2 2 1 1 2 1 2 1 1 1 1 2 2 1 2 2 2 2 2 1 2 2 2 2 1 1 2 1 1 1 1 1 2 1 1 2 2 2 2 2 1 1 2 2 1 1 2 2 2 2 1 1 1 1 1 1 1 2 2 1 2 1 1 1 2 2 2 2 2 2 1 1 1 2 2 2 2 2 1 2 2 2 2 1 2 1 1 1 2 1 2 2 2 2 1 1 2 1 1 1 1 2 2 1 1 1 2 2 2 2 2 2 2 2 2 1 1 2 2 1 1 2 2 1 1 2 2 1 1 2 1 1 2 1 2 2 2 1 1 1 1 1 1 2 1 1 2 2 1 2 2 1 1 2 1 2 2 2 2 2 2 2 2 1 2 1 1 1 1 2 2 2 2 1 2 1 2 2 2 1 2 2 2 1 1 1 1 1 1 0 0 0 0 0 0 0 0 0 0 0 0 0 0 0 0 0 0 0 0 0 0 0 0 0 0 0 0 0 0 0 0 0 0 0 0 0 0 0 0 0 0 0 0 0 0 0 0 0 0 0 0 0 0 0 0 0 0 0 0 0 0 0 0 0 0 0 0 0 0 0 0 0 0 0 0 0 0 0 0 0 0 0 0 0 0 0 0 0 0 0 0 0 0 0 0 0 0 0 0 0 0 0 0 0 0 0 0 0 0 0 0 0 0 0 0 0 0 0 0 0 0 0 0 0 0 0 0 0 0 0 0 0 0 0 0 0 0 0 0 0 0 0 0 0 0 0 0 0 0 0 0 0 0 0 0 0 0 0 0 0 0 0 0 0 0 0 0 0 0 0 0 0 0 0 0 0 0 0 0 0 0 0 0 0 0 0 0 0 0 0 0 0 0 0 0 0 0 0 0 0 0 0 0 0 0 0 0 0 0 0 0 0 0 0 0 0 0 0 0 0 0 0
9 112 2
9 168 1
9 377 3
11 32 1
11 396 3
12 38 1
12 93 1
12 111 1
12 184 2
12 256 1
12 351 1
12 355 1
12 364 3
12 366 3
12 374 3
12 396 3
12 409 3
12 423 3
12 428 3
12 432 3
12 434 3
12 444 3
12 454 3
12 456 3
12 461 3
12 476 3
12 497 3
12 566 3
12 581 3
12 585 3
13 26 1
13 112 2
13 125 1
13 351 1
13 374 3
13 377 3
13 473 3
13 583 3
17 160 1
17 212 1
17 570 3
18 17 2
18 32 1
18 43 2
18 46 1
18 71 1
18 156 1
18 168 1
18 255 1
18 351 1
18 377 3
18 473 3
18 583 3
24 23 1
24 33 1
24 419 3
24 512 3
27 328 1
27 371 3
27 405 3
27 448 3
27 496 3
29 39 1
29 112 2
29 116 1
29 123 1
29 174 1
29 282 1
29 351 1
29 410 3
29 411 3
29 417 3
29 419 3
29 452 3
29 586 3
40 257 1
40 460 3
41 350 2
41 387 3
42 8 1
42 32 1
42 111 1
42 160 1
42 168 1
42 309 1
42 373 3
42 383 3
42 397 3
42 424 3
42 428 3
42 468 3
42 474 3
42 481 3
42 482 3
42 510 3
43 6 1
43 23 1
43 67 1
43 100 1
43 124 1
43 126 1
43 168 1
43 244 1
43 407 3
43 409 3
43 411 3
43 423 3
43 426 3
43 432 3
43 444 3
43 450 3
43 454 3
43 468 3
43 496 3
43 536 3
43 561 3
43 567 3
43 581 3
44 126 1
44 398 3
44 438 3
49 50 0
52 25 1
52 112 2
52 168 1
52 186 1
52 212 1
52 255 1
52 263 1
52 296 1
52 299 2
52 394 3
52 412 3
52 421 3
52 456 3
52 458 3
52 470 3
52 487 3
52 498 3
52 504 3
52 520 3
52 580 3
53 151 2
53 170 1
53 172 2
53 456 3
54 45 1
54 171 1
54 328 1
54 522 3
56 36 1
56 123 1
56 211 1
56 355 1
56 384 3
56 410 3
56 415 3
56 428 3
56 429 3
56 443 3
56 450 3
56 495 3
56 510 3
56 519 3
56 520 3
56 584 3
59 356 1
59 459 3
70 42 2
70 168 1
70 575 3
75 125 1
75 328 1
75 351 1
75 406 3
75 412 3
75 415 3
75 417 3
75 446 3
75 447 3
75 463 3
75 471 3
75 477 3
75 479 3
75 491 3
75 493 3
75 538 3
76 35 1
76 37 1
76 58 1
76 94 2
76 110 1
76 145 1
76 195 1
76 218 1
76 250 1
76 271 1
76 288 1
76 328 1
76 334 1
76 336 1
76 344 1
76 351 1
76 364 3
76 371 3
76 376 3
76 377 3
76 420 3
76 421 3
76 422 3
76 423 3
76 432 3
76 433 3
76 440 3
76 444 3
76 445 3
76 449 3
76 450 3
76 454 3
76 455 3
76 468 3
76 469 3
76 471 3
76 473 3
76 477 3
76 481 3
76 511 3
76 514 3
76 543 3
76 544 3
76 545 3
76 564 3
76 574 3
76 581 3
76 583 3
77 351 1
77 364 3
77 371 3
77 377 3
77 420 3
77 421 3
77 422 3
77 423 3
77 432 3
77 440 3
77 444 3
77 447 3
77 454 3
77 473 3
77 474 3
77 477 3
77 510 3
77 574 3
77 581 3
79 17 2
79 30 1
79 33 1
79 99 1
79 101 1
79 111 1
79 168 1
79 211 1
79 248 1
79 255 1
79 310 1
79 332 1
79 351 1
79 368 3
79 376 3
79 379 3
79 384 3
79 386 3
79 393 3
79 394 3
79 406 3
79 411 3
79 412 3
79 414 3
79 417 3
79 426 3
79 427 3
79 429 3
79 430 3
79 435 3
79 447 3
79 455 3
79 458 3
79 459 3
79 464 3
79 470 3
79 476 3
79 486 3
79 491 3
79 493 3
79 495 3
79 497 3
79 504 3
79 537 3
79 547 3
79 582 3
79 584 3
79 586 3
80 133 1
80 168 1
80 189 1
80 406 3
81 310 1
81 410 3
81 411 3
81 440 3
83 47 1
83 112 2
83 114 1
83 268 1
83 408 3
83 423 3
83 432 3
83 444 3
83 447 3
83 454 3
83 457 3
83 496 3
83 510 3
83 581 3
84 168 1
84 333 1
84 349 1
84 351 1
84 405 3
84 415 3
84 448 3
84 456 3
85 211 1
85 213 1
85 268 1
85 288 1
85 351 1
85 410 3
85 426 3
85 435 3
85 457 3
85 470 3
85 472 3
85 476 3
85 483 3
85 492 3
85 494 3
88 4 1
88 309 1
88 355 1
88 448 3
89 43 2
89 60 1
89 112 2
89 288 1
89 328 1
89 344 1
89 351 1
89 366 3
89 376 3
89 387 3
89 404 3
89 407 3
89 409 3
89 423 3
89 424 3
89 432 3
89 433 3
89 435 3
89 444 3
89 445 3
89 454 3
89 455 3
89 456 3
89 465 3
89 466 3
89 467 3
89 514 3
89 537 3
89 558 3
89 574 3
89 581 3
89 585 3
90 112 2
90 288 1
90 328 1
90 351 1
90 471 3
90 477 3
90 491 3
90 574 3
91 10 1
91 49 1
91 55 1
91 57 1
91 117 1
91 255 1
91 266 1
91 311 1
91 328 1
91 332 1
91 339 1
91 388 3
91 410 3
91 419 3
91 422 3
91 425 3
91 426 3
91 428 3
91 429 3
91 436 3
91 456 3
91 467 3
91 496 3
91 498 3
91 584 3
92 10 1
92 212 1
92 328 1
92 419 3
92 442 3
94 33 1
94 211 1
94 212 1
94 328 1
94 332 1
94 355 1
94 386 3
94 447 3
95 212 1
95 456 3
97 4 1
97 7 1
97 19 1
97 103 1
97 212 1
97 299 2
97 343 2
97 350 2
97 366 3
97 374 3
97 387 3
97 391 3
97 401 3
97 403 3
97 405 3
97 407 3
97 410 3
97 419 3
97 425 3
97 446 3
97 447 3
97 448 3
97 462 3
97 463 3
97 470 3
97 474 3
97 476 3
97 491 3
97 492 3
97 494 3
97 496 3
97 510 3
97 538 3
109 55 1
109 328 1
109 332 1
109 364 3
112 23 1
112 101 1
112 232 1
112 242 1
112 244 1
112 255 1
112 297 1
112 456 3
112 470 3
112 496 3
112 510 3
115 0 1
115 48 1
115 383 3
115 481 3
115 482 3
115 483 3
118 62 1
118 309 1
118 401 3
118 459 3
118 557 3
119 60 1
119 176 1
119 214 1
119 446 3
119 447 3
119 538 3
120 351 1
120 399 3
120 405 3
120 446 3
120 447 3
120 448 3
120 538 3
121 78 1
121 168 1
121 409 3
121 553 3
122 33 1
122 351 1
122 365 3
122 366 3
122 456 3
122 494 3
122 510 3
122 511 3
127 21 1
127 42 2
127 124 1
127 408 3
127 411 3
127 412 3
127 442 3
127 470 3
127 476 3
127 512 3
127 540 3
128 39 1
128 116 1
128 191 1
128 386 3
128 402 3
128 446 3
128 447 3
128 448 3
128 482 3
129 33 1
129 408 3
130 31 1
130 65 1
130 72 1
130 255 1
130 494 3
130 495 3
134 64 1
134 101 1
134 481 3
138 33 1
138 36 1
138 112 2
138 125 1
138 148 1
138 297 1
138 299 2
138 309 1
138 328 1
138 384 3
138 410 3
138 446 3
138 447 3
138 510 3
138 536 3
138 538 3
138 561 3
139 28 1
139 32 1
139 299 2
139 332 1
139 343 2
139 351 1
139 392 3
139 405 3
139 419 3
139 428 3
139 429 3
139 446 3
139 447 3
139 448 3
139 536 3
139 538 3
139 561 3
139 584 3
140 136 1
140 212 1
140 351 1
140 424 3
140 440 3
140 494 3
140 496 3
140 584 3
141 349 1
141 351 1
141 419 3
141 430 3
141 446 3
141 447 3
141 481 3
141 483 3
141 510 3
141 538 3
142 47 1
142 523 3
143 14 1
143 196 1
143 423 3
143 432 3
143 444 3
143 452 3
143 454 3
143 581 3
144 1 1
144 468 3
146 16 1
146 55 1
146 60 1
146 78 1
146 137 1
146 187 1
146 191 1
146 207 1
146 212 1
146 239 1
146 241 1
146 255 1
146 288 1
146 328 1
146 343 2
146 351 1
146 355 1
146 364 3
146 368 3
146 374 3
146 375 3
146 378 3
146 388 3
146 389 3
146 392 3
146 407 3
146 409 3
146 410 3
146 419 3
146 426 3
146 428 3
146 429 3
146 430 3
146 435 3
146 437 3
146 451 3
146 452 3
146 454 3
146 456 3
146 457 3
146 459 3
146 469 3
146 470 3
146 471 3
146 472 3
146 476 3
146 483 3
146 485 3
146 492 3
146 494 3
146 512 3
146 519 3
146 520 3
146 525 3
146 530 3
146 536 3
146 538 3
146 545 3
146 558 3
146 584 3
147 36 1
147 343 2
147 467 3
147 481 3
147 503 3
149 241 1
149 351 1
149 383 3
149 436 3
149 439 3
150 8 1
150 381 3
150 382 3
150 383 3
150 384 3
150 397 3
150 415 3
150 418 3
150 428 3
150 429 3
150 436 3
150 439 3
150 446 3
150 447 3
150 448 3
150 480 3
150 501 3
150 510 3
150 516 3
150 523 3
150 524 3
150 525 3
150 526 3
150 528 3
150 529 3
150 530 3
150 532 3
150 533 3
150 534 3
150 549 3
150 551 3
150 555 3
150 556 3
150 557 3
150 566 3
150 568 3
150 569 3
150 572 3
150 573 3
150 576 3
150 584 3
151 165 1
151 166 1
151 364 3
151 366 3
151 373 3
151 585 3
152 39 1
152 349 1
152 442 3
152 456 3
154 67 1
154 212 1
154 335 1
154 351 1
154 356 1
154 466 3
154 467 3
158 22 1
158 187 1
158 288 1
158 345 1
158 399 3
159 112 2
159 428 3
159 429 3
159 584 3
169 255 1
169 570 3
172 349 1
172 419 3
172 450 3
172 482 3
173 32 1
173 336 1
173 337 1
173 419 3
177 17 2
177 23 1
177 32 1
177 55 1
177 78 1
177 99 1
177 101 1
177 105 1
177 114 1
177 132 1
177 168 1
177 187 1
177 197 1
177 212 1
177 232 1
177 244 1
177 255 1
177 267 1
177 297 1
177 328 1
177 349 1
177 350 2
177 351 1
177 377 3
177 399 3
177 403 3
177 405 3
177 408 3
177 410 3
177 433 3
177 446 3
177 447 3
177 448 3
177 450 3
177 456 3
177 466 3
177 467 3
177 469 3
177 470 3
177 471 3
177 473 3
177 496 3
177 499 3
177 538 3
177 583 3
178 99 1
178 114 1
178 168 1
180 303 2
180 374 3
182 333 1
182 388 3
182 407 3
182 409 3
182 415 3
182 471 3
183 17 2
183 168 1
183 212 1
183 322 1
183 333 1
183 350 2
183 351 1
183 397 3
183 407 3
183 409 3
183 415 3
183 420 3
183 428 3
183 429 3
183 446 3
183 447 3
183 448 3
183 450 3
183 453 3
183 456 3
183 496 3
183 538 3
183 569 3
183 584 3
184 222 1
184 235 1
184 405 3
184 446 3
184 447 3
184 448 3
184 538 3
185 111 1
185 211 1
185 355 1
185 394 3
185 405 3
188 42 2
188 63 1
188 241 1
188 299 2
188 384 3
188 415 3
188 428 3
188 429 3
188 495 3
188 519 3
188 520 3
188 584 3
194 33 1
194 563 3
199 328 1
199 376 3
199 377 3
199 422 3
199 423 3
199 432 3
199 433 3
199 437 3
199 444 3
199 445 3
199 454 3
199 455 3
199 473 3
199 514 3
199 581 3
199 583 3
200 67 1
200 520 3
202 125 1
202 401 3
203 198 1
203 470 3
203 476 3
203 533 3
203 536 3
203 541 3
203 561 3
203 582 3
204 198 1
204 239 1
204 351 1
204 536 3
204 561 3
205 304 1
205 442 3
205 456 3
206 328 1
206 470 3
206 471 3
206 476 3
206 477 3
208 112 2
208 153 1
208 207 1
208 367 3
208 371 3
208 376 3
208 410 3
208 413 3
208 433 3
208 451 3
208 455 3
208 466 3
208 467 3
208 481 3
208 514 3
208 582 3
209 49 1
209 322 1
209 407 3
209 409 3
209 459 3
215 23 1
215 86 1
215 277 1
215 297 1
215 299 2
215 465 3
216 10 1
216 42 2
216 49 1
216 155 1
216 166 1
216 405 3
216 407 3
216 412 3
216 419 3
216 420 3
216 446 3
216 447 3
216 448 3
216 538 3
216 550 3
219 16 1
219 17 2
219 33 1
219 37 1
219 39 1
219 42 2
219 72 1
219 162 1
219 168 1
219 187 1
219 210 1
219 328 1
219 351 1
219 364 3
219 365 3
219 366 3
219 367 3
219 368 3
219 369 3
219 370 3
219 371 3
219 373 3
219 374 3
219 376 3
219 377 3
219 383 3
219 392 3
219 405 3
219 410 3
219 412 3
219 415 3
219 420 3
219 422 3
219 423 3
219 432 3
219 433 3
219 440 3
219 444 3
219 445 3
219 448 3
219 454 3
219 455 3
219 465 3
219 466 3
219 467 3
219 470 3
219 471 3
219 473 3
219 474 3
219 475 3
219 476 3
219 478 3
219 481 3
219 482 3
219 483 3
219 491 3
219 492 3
219 494 3
219 497 3
219 510 3
219 518 3
219 519 3
219 520 3
219 558 3
219 580 3
219 581 3
219 583 3
220 36 1
220 73 1
220 136 1
220 218 1
220 233 1
220 376 3
220 377 3
220 384 3
220 423 3
220 424 3
220 425 3
220 427 3
220 428 3
220 429 3
220 432 3
220 433 3
220 444 3
220 445 3
220 454 3
220 455 3
220 466 3
220 473 3
220 476 3
220 477 3
220 479 3
220 498 3
220 502 3
220 504 3
220 506 3
220 514 3
220 535 3
220 539 3
220 577 3
220 580 3
220 581 3
220 582 3
220 583 3
220 584 3
225 137 1
225 395 3
225 415 3
225 428 3
225 453 3
225 465 3
226 8 1
226 72 1
226 287 1
226 301 1
226 423 3
226 432 3
226 444 3
226 454 3
226 487 3
226 488 3
226 489 3
226 490 3
226 515 3
226 581 3
227 299 2
227 383 3
227 448 3
227 494 3
228 8 1
228 112 2
228 462 3
229 0 1
229 17 2
229 21 1
229 23 1
229 32 1
229 33 1
229 49 1
229 51 1
229 57 1
229 60 1
229 78 1
229 99 1
229 100 1
229 101 1
229 105 1
229 111 1
229 126 1
229 137 1
229 162 1
229 168 1
229 172 2
229 192 1
229 211 1
229 212 1
229 243 1
229 255 1
229 265 1
229 266 1
229 276 1
229 288 1
229 311 1
229 324 1
229 328 1
229 333 1
229 336 1
229 349 1
229 351 1
229 365 3
229 373 3
229 380 3
229 387 3
229 392 3
229 400 3
229 410 3
229 411 3
229 412 3
229 415 3
229 419 3
229 422 3
229 423 3
229 446 3
229 447 3
229 456 3
229 457 3
229 459 3
229 469 3
229 471 3
229 477 3
229 481 3
229 482 3
229 483 3
229 485 3
229 492 3
229 493 3
229 507 3
229 510 3
229 513 3
229 536 3
229 537 3
229 538 3
229 542 3
229 555 3
229 560 3
229 561 3
229 563 3
229 580 3
230 33 1
230 466 3
231 33 1
231 101 1
231 153 1
231 154 2
231 304 1
231 506 3
234 66 1
234 407 3
234 409 3
234 423 3
234 432 3
234 444 3
234 445 3
234 454 3
234 581 3
236 0 1
236 407 3
236 409 3
237 0 1
237 26 1
237 392 3
237 453 3
237 482 3
238 78 1
238 284 1
238 351 1
238 383 3
238 408 3
238 443 3
238 481 3
238 510 3
245 108 1
245 207 1
245 328 1
245 420 3
246 175 1
246 176 1
246 207 1
246 212 1
246 399 3
247 304 1
247 442 3
247 456 3
253 356 1
258 160 1
258 255 1
258 286 1
258 299 2
258 309 1
258 343 2
258 349 1
258 370 3
258 567 3
260 72 1
260 287 1
260 303 2
260 309 1
260 392 3
260 393 3
260 406 3
260 409 3
260 485 3
260 486 3
260 487 3
260 488 3
260 489 3
260 490 3
260 515 3
261 168 1
261 192 1
261 288 1
261 318 1
261 378 3
261 448 3
261 459 3
261 485 3
262 23 1
262 31 1
262 42 2
262 68 1
262 288 1
262 383 3
262 387 3
262 406 3
262 409 3
262 456 3
262 482 3
262 571 3
264 276 1
264 343 2
269 61 1
269 157 1
269 255 1
269 333 1
269 407 3
269 409 3
269 488 3
270 112 2
270 331 1
270 351 1
270 543 3
270 544 3
272 168 1
272 466 3
272 467 3
273 32 1
273 87 1
273 99 1
273 162 1
273 168 1
273 421 3
273 456 3
274 0 1
274 21 1
274 23 1
274 32 1
274 33 1
274 49 1
274 51 1
274 57 1
274 60 1
274 78 1
274 85 2
274 99 1
274 100 1
274 101 1
274 105 1
274 111 1
274 126 1
274 137 1
274 162 1
274 168 1
274 172 2
274 192 1
274 211 1
274 212 1
274 229 2
274 243 1
274 244 1
274 255 1
274 265 1
274 266 1
274 276 1
274 288 1
274 324 1
274 328 1
274 333 1
274 336 1
274 343 2
274 349 1
274 351 1
274 368 3
274 373 3
274 386 3
274 387 3
274 392 3
274 394 3
274 409 3
274 410 3
274 411 3
274 415 3
274 419 3
274 423 3
274 428 3
274 429 3
274 431 3
274 432 3
274 436 3
274 438 3
274 443 3
274 444 3
274 447 3
274 452 3
274 454 3
274 456 3
274 458 3
274 465 3
274 466 3
274 467 3
274 468 3
274 469 3
274 470 3
274 471 3
274 476 3
274 477 3
274 483 3
274 492 3
274 510 3
274 527 3
274 561 3
274 574 3
274 579 3
274 581 3
274 584 3
274 586 3
275 25 1
275 30 1
275 240 1
275 285 1
275 353 1
275 384 3
275 394 3
275 401 3
275 403 3
275 443 3
275 450 3
275 456 3
275 458 3
275 502 3
278 20 1
278 33 1
278 108 1
278 224 1
278 351 1
278 376 3
278 408 3
278 423 3
278 426 3
278 427 3
278 432 3
278 433 3
278 444 3
278 454 3
278 455 3
278 466 3
278 468 3
278 470 3
278 476 3
278 514 3
278 581 3
279 212 1
279 255 1
279 299 2
279 343 2
279 351 1
279 352 1
279 456 3
279 470 3
279 476 3
279 496 3
280 0 1
280 61 1
280 157 1
280 333 1
280 383 3
280 407 3
280 409 3
280 437 3
290 5 1
290 145 1
290 235 1
290 289 1
290 325 1
290 328 1
290 510 3
290 536 3
290 561 3
291 352 1
291 446 3
291 447 3
291 448 3
294 33 1
294 51 1
294 123 1
294 266 1
294 288 1
294 297 1
294 328 1
294 350 2
294 351 1
294 400 3
294 404 3
294 407 3
294 409 3
294 419 3
294 423 3
294 432 3
294 436 3
294 444 3
294 446 3
294 447 3
294 454 3
294 456 3
294 474 3
294 476 3
294 482 3
294 494 3
294 496 3
294 536 3
294 541 3
294 547 3
294 555 3
294 561 3
294 581 3
295 51 1
295 103 1
295 288 1
295 292 1
295 297 1
295 346 1
295 407 3
295 409 3
295 419 3
295 487 3
295 488 3
295 489 3
295 490 3
295 515 3
295 525 3
295 536 3
295 555 3
295 561 3
295 584 3
298 111 1
298 137 1
298 334 1
298 350 2
298 374 3
298 405 3
298 446 3
298 447 3
298 448 3
298 450 3
298 510 3
298 511 3
298 522 3
298 538 3
298 554 3
299 36 1
299 60 1
299 350 2
299 374 3
299 401 3
299 405 3
299 409 3
299 446 3
299 447 3
299 448 3
299 450 3
299 466 3
299 467 3
299 510 3
299 538 3
302 133 1
302 504 3
302 505 3
303 72 1
303 287 1
303 355 1
303 384 3
303 385 3
303 399 3
303 401 3
303 405 3
303 428 3
303 429 3
303 448 3
303 465 3
303 482 3
303 485 3
303 487 3
303 488 3
303 489 3
303 490 3
303 500 3
303 515 3
303 536 3
303 584 3
305 259 1
305 302 2
305 404 3
305 481 3
306 0 1
306 3 1
306 15 1
306 21 1
306 31 1
306 32 1
306 33 1
306 34 1
306 35 1
306 36 1
306 39 1
306 48 1
306 49 1
306 51 1
306 55 1
306 57 1
306 82 1
306 98 1
306 99 1
306 101 1
306 102 1
306 106 1
306 112 2
306 132 1
306 137 1
306 154 2
306 157 1
306 161 1
306 163 1
306 168 1
306 175 1
306 179 1
306 187 1
306 192 1
306 201 1
306 207 1
306 210 1
306 211 1
306 212 1
306 217 1
306 218 1
306 229 2
306 239 1
306 241 1
306 244 1
306 255 1
306 263 1
306 266 1
306 267 1
306 274 2
306 288 1
306 300 1
306 304 1
306 309 1
306 311 1
306 321 1
306 324 1
306 328 1
306 332 1
306 333 1
306 344 1
306 347 1
306 350 2
306 351 1
306 355 1
306 376 3
306 392 3
306 394 3
306 405 3
306 406 3
306 411 3
306 423 3
306 428 3
306 432 3
306 440 3
306 444 3
306 446 3
306 447 3
306 448 3
306 454 3
306 465 3
306 470 3
306 471 3
306 476 3
306 482 3
306 483 3
306 498 3
306 511 3
306 520 3
306 538 3
306 581 3
308 32 1
308 210 1
308 284 1
308 337 1
308 406 3
308 410 3
308 419 3
308 423 3
308 432 3
308 444 3
308 454 3
308 456 3
308 465 3
308 468 3
308 470 3
308 505 3
308 508 3
308 536 3
308 581 3
312 23 1
312 31 1
312 101 1
312 104 1
312 378 3
312 430 3
312 482 3
312 571 3
313 0 1
313 101 1
313 104 1
313 423 3
313 428 3
313 429 3
313 432 3
313 444 3
313 454 3
313 581 3
313 584 3
314 108 1
314 112 2
314 114 1
314 190 1
314 211 1
314 212 1
314 224 1
314 255 1
314 288 1
314 322 1
314 407 3
314 409 3
314 453 3
314 459 3
314 482 3
315 32 1
315 57 1
315 78 1
315 101 1
315 135 1
315 167 1
315 168 1
315 172 2
315 281 1
315 284 1
315 324 1
315 336 1
315 364 3
315 384 3
315 411 3
315 419 3
315 481 3
315 510 3
315 574 3
316 0 1
316 23 1
316 32 1
316 33 1
316 55 1
316 64 1
316 85 2
316 98 1
316 101 1
316 112 2
316 165 1
316 168 1
316 172 2
316 193 1
316 211 1
316 212 1
316 221 1
316 328 1
316 343 2
316 346 1
316 350 2
316 351 1
316 367 3
316 384 3
316 387 3
316 399 3
316 407 3
316 410 3
316 411 3
316 415 3
316 419 3
316 420 3
316 423 3
316 424 3
316 425 3
316 428 3
316 429 3
316 432 3
316 444 3
316 448 3
316 451 3
316 454 3
316 456 3
316 459 3
316 463 3
316 465 3
316 471 3
316 472 3
316 477 3
316 481 3
316 483 3
316 510 3
316 517 3
316 531 3
316 565 3
316 581 3
316 584 3
317 172 2
317 324 1
317 563 3
319 49 1
319 112 2
319 113 1
319 167 1
319 337 1
319 406 3
319 508 3
320 299 2
320 343 2
320 462 3
320 496 3
323 328 1
323 408 3
323 411 3
323 424 3
323 468 3
323 474 3
323 483 3
326 36 1
326 123 1
326 351 1
326 355 1
326 410 3
326 456 3
326 510 3
327 299 2
327 357 1
327 424 3
327 425 3
327 456 3
329 6 1
329 21 1
329 49 1
329 69 1
329 98 1
329 101 1
329 164 1
329 212 1
329 351 1
329 388 3
329 423 3
329 432 3
329 444 3
329 445 3
329 454 3
329 459 3
329 581 3
338 107 1
338 423 3
338 432 3
338 444 3
338 445 3
338 454 3
338 581 3
340 8 1
340 17 2
340 23 1
340 31 1
340 62 1
340 72 1
340 82 1
340 86 1
340 101 1
340 160 1
340 162 1
340 207 1
340 212 1
340 249 1
340 252 1
340 254 1
340 283 1
340 328 1
340 334 1
340 344 1
340 351 1
340 373 3
340 376 3
340 378 3
340 380 3
340 384 3
340 386 3
340 387 3
340 403 3
340 405 3
340 406 3
340 407 3
340 409 3
340 410 3
340 412 3
340 414 3
340 415 3
340 416 3
340 419 3
340 420 3
340 421 3
340 423 3
340 432 3
340 435 3
340 436 3
340 438 3
340 439 3
340 444 3
340 445 3
340 446 3
340 447 3
340 448 3
340 449 3
340 452 3
340 454 3
340 457 3
340 460 3
340 465 3
340 466 3
340 467 3
340 469 3
340 471 3
340 474 3
340 476 3
340 477 3
340 481 3
340 484 3
340 510 3
340 511 3
340 529 3
340 538 3
340 559 3
340 560 3
340 562 3
340 563 3
340 564 3
340 570 3
340 572 3
340 581 3
341 350 2
341 393 3
341 396 3
341 419 3
341 424 3
341 437 3
341 446 3
341 447 3
341 449 3
341 452 3
341 510 3
341 521 3
341 538 3
342 328 1
342 350 2
342 407 3
342 409 3
342 437 3
342 446 3
342 447 3
342 449 3
342 452 3
342 510 3
342 538 3
343 36 1
343 72 1
343 98 1
343 111 1
343 112 2
343 176 1
343 212 1
343 371 3
343 379 3
343 380 3
343 391 3
343 405 3
343 424 3
343 436 3
343 443 3
343 446 3
343 447 3
343 448 3
343 452 3
343 459 3
343 468 3
343 476 3
343 518 3
343 519 3
343 520 3
343 538 3
348 0 1
348 57 1
348 96 1
348 153 1
348 154 2
348 161 1
348 223 1
348 288 1
348 293 1
348 324 1
348 328 1
348 330 1
348 344 1
348 394 3
348 412 3
348 548 3
350 26 1
350 151 2
350 168 1
350 409 3
354 26 1
354 65 1
354 181 1
354 307 1
354 351 1
354 457 3
358 32 1
358 125 1
358 168 1
358 265 1
358 351 1
358 509 3
359 101 1
359 207 1
359 212 1
359 344 1
360 2 1
360 74 1
360 85 2
360 101 1
360 131 1
360 154 2
360 251 1
360 257 1
360 297 1
360 379 3
360 401 3
360 419 3
360 481 3
360 482 3
360 483 3
360 496 3
360 519 3
360 580 3
361 42 2
361 410 3
361 466 3
361 467 3
362 112 2
362 456 3
363 175 1
363 355 1
363 375 3
363 378 3
363 390 3
363 405 3
363 409 3
363 421 3
363 422 3
363 446 3
363 447 3
363 448 3
363 450 3
363 504 3
363 538 3
364 4 4
364 5 4
364 7 4
364 23 4
364 33 4
364 42 5
364 49 4
364 67 4
364 73 4
364 78 4
364 82 4
364 101 4
364 103 4
364 137 4
364 145 4
364 197 4
364 208 5
364 229 5
364 232 4
364 250 4
364 271 4
364 292 4
364 334 4
364 347 4
364 360 5
365 4 4
365 5 4
365 7 4
365 23 4
365 33 4
365 49 4
365 50 4
365 67 4
365 73 4
365 78 4
365 82 4
365 101 4
365 103 4
365 137 4
365 145 4
365 197 4
365 232 4
365 250 4
365 271 4
365 292 4
365 334 4
365 347 4
365 368 6
365 481 6
366 4 4
366 5 4
366 7 4
366 23 4
366 33 4
366 49 4
366 67 4
366 73 4
366 78 4
366 82 4
366 101 4
366 103 4
366 137 4
366 145 4
366 197 4
366 232 4
366 250 4
366 271 4
366 292 4
366 334 4
366 347 4
367 4 4
367 5 4
367 7 4
367 23 4
367 33 4
367 49 4
367 67 4
367 73 4
367 78 4
367 82 4
367 101 4
367 103 4
367 137 4
367 145 4
367 197 4
367 232 4
367 250 4
367 271 4
367 292 4
367 334 4
367 347 4
368 4 4
368 5 4
368 7 4
368 23 4
368 33 4
368 49 4
368 50 4
368 67 4
368 73 4
368 78 4
368 82 4
368 101 4
368 103 4
368 137 4
368 145 4
368 197 4
368 232 4
368 250 4
368 271 4
368 292 4
368 334 4
368 347 4
368 481 6
369 4 4
369 5 4
369 7 4
369 23 4
369 33 4
369 49 4
369 67 4
369 73 4
369 78 4
369 82 4
369 101 4
369 103 4
369 137 4
369 145 4
369 197 4
369 208 5
369 232 4
369 250 4
369 271 4
369 292 4
369 334 4
369 347 4
370 4 4
370 5 4
370 7 4
370 23 4
370 33 4
370 49 4
370 67 4
370 73 4
370 78 4
370 82 4
370 101 4
370 103 4
370 137 4
370 145 4
370 197 4
370 232 4
370 250 4
370 271 4
370 292 4
370 334 4
370 347 4
371 4 4
371 5 4
371 7 4
371 23 4
371 33 4
371 49 4
371 67 4
371 73 4
371 78 4
371 82 4
371 101 4
371 103 4
371 137 4
371 145 4
371 197 4
371 232 4
371 250 4
371 271 4
371 292 4
371 334 4
371 347 4
372 0 4
372 12 5
372 19 4
372 25 4
372 33 4
372 35 4
372 42 5
372 45 4
372 47 4
372 78 4
372 97 5
372 111 4
372 113 4
372 122 5
372 132 4
372 135 4
372 153 4
372 163 4
372 164 4
372 183 5
372 197 4
372 203 5
372 207 4
372 225 5
372 233 4
372 240 4
372 253 5
372 299 5
372 300 4
372 314 5
372 316 5
372 334 4
372 351 4
372 360 5
373 136 4
373 170 4
374 0 4
374 5 4
374 15 4
374 38 4
374 42 5
374 69 4
374 93 4
374 102 4
374 103 4
374 105 4
374 110 4
374 111 4
374 112 5
374 123 4
374 132 4
374 147 5
374 150 5
374 161 4
374 164 4
374 207 4
374 217 4
374 266 4
374 287 4
374 301 4
374 334 4
374 335 4
375 25 4
375 69 4
375 72 4
375 74 4
375 105 4
375 124 4
375 126 4
375 217 4
375 223 4
375 250 4
375 259 4
375 276 4
375 287 4
375 310 4
375 328 4
375 332 4
376 0 4
376 5 4
376 33 4
376 37 4
376 65 4
376 69 4
376 85 5
376 93 4
376 96 4
376 99 4
376 124 4
376 132 4
376 172 5
376 174 4
376 181 4
376 189 4
376 197 4
376 212 4
376 266 4
376 276 4
376 296 4
376 297 4
376 311 4
376 325 4
376 332 4
376 335 4
376 337 4
376 343 5
376 351 4
377 0 4
377 5 4
377 33 4
377 37 4
377 65 4
377 69 4
377 85 5
377 93 4
377 96 4
377 99 4
377 124 4
377 132 4
377 172 5
377 174 4
377 181 4
377 189 4
377 197 4
377 212 4
377 266 4
377 276 4
377 296 4
377 297 4
377 311 4
377 325 4
377 332 4
377 335 4
377 337 4
377 343 5
377 351 4
378 25 4
378 69 4
378 72 4
378 74 4
378 105 4
378 124 4
378 126 4
378 217 4
378 223 4
378 250 4
378 259 4
378 276 4
378 287 4
378 310 4
378 328 4
378 332 4
379 25 4
379 86 4
379 288 4
380 25 4
380 86 4
380 288 4
381 5 4
381 33 4
381 47 4
381 163 4
381 189 4
381 210 4
381 223 4
382 103 4
382 156 4
382 197 4
382 337 4
383 71 4
383 250 4
384 0 4
384 21 4
384 31 4
384 32 4
384 33 4
384 34 4
384 37 4
384 38 4
384 42 5
384 45 4
384 63 4
384 65 4
384 66 4
384 67 4
384 86 4
384 93 4
384 106 4
384 124 4
384 145 4
384 155 4
384 165 4
384 170 4
384 172 5
384 176 4
384 189 4
384 191 4
384 197 4
384 198 4
384 212 4
384 222 4
384 223 4
384 239 4
384 240 4
384 251 4
384 256 4
384 268 4
384 277 4
384 286 4
384 287 4
384 289 4
384 299 5
384 310 4
384 335 4
384 337 4
384 350 5
384 355 4
385 51 4
385 343 5
386 10 4
386 136 4
386 156 4
386 197 4
386 271 4
386 277 4
386 284 4
386 350 5
387 10 4
387 11 5
387 12 5
387 42 5
387 54 5
387 136 4
387 151 5
387 156 4
387 197 4
387 208 5
387 219 5
387 260 5
387 271 4
387 277 4
387 284 4
387 326 5
387 350 5
388 181 4
388 249 4
389 0 4
389 15 4
389 33 4
389 57 4
389 63 4
389 65 4
389 85 5
389 96 4
389 103 4
389 107 4
389 111 4
389 123 4
389 137 4
389 214 4
389 254 4
389 256 4
389 284 4
389 287 4
389 289 4
389 297 4
389 335 4
389 343 5
390 0 4
390 1 4
390 5 4
390 21 4
390 35 4
390 38 4
390 47 4
390 69 4
390 87 4
390 99 4
390 113 4
390 124 4
390 125 4
390 137 4
390 145 4
390 146 5
390 151 5
390 170 4
390 175 4
390 186 4
390 191 4
390 207 4
390 210 4
390 217 4
390 233 4
390 250 4
390 254 4
390 277 4
390 287 4
390 298 5
390 300 4
390 332 4
390 347 4
390 352 4
391 16 4
391 20 4
391 21 4
391 22 4
391 49 4
391 66 4
391 87 4
391 93 4
391 96 4
391 124 4
391 148 4
391 156 4
391 163 4
391 197 4
391 240 4
391 252 4
391 256 4
391 265 4
391 268 4
391 275 5
391 298 5
391 303 5
391 356 4
391 357 4
392 0 4
392 5 4
392 26 4
392 35 4
392 42 5
392 60 4
392 63 4
392 67 4
392 69 4
392 74 4
392 78 4
392 82 4
392 85 5
392 87 4
392 93 4
392 96 4
392 99 4
392 101 4
392 102 4
392 103 4
392 113 4
392 114 4
392 131 4
392 132 4
392 145 4
392 153 4
392 156 4
392 161 4
392 164 4
392 165 4
392 166 4
392 172 5
392 181 4
392 197 4
392 207 4
392 217 4
392 240 4
392 244 4
392 256 4
392 259 4
392 265 4
392 293 4
392 300 4
392 310 4
392 318 4
392 330 4
392 332 4
392 345 4
392 347 4
392 350 5
393 0 4
393 26 4
393 35 4
393 63 4
393 69 4
393 78 4
393 99 4
393 114 4
393 132 4
393 156 4
393 164 4
393 166 4
393 172 5
393 207 4
393 217 4
393 240 4
393 256 4
393 259 4
393 300 4
393 330 4
393 332 4
393 345 4
393 347 4
394 5 4
394 9 5
394 45 4
394 47 4
394 55 4
394 73 4
394 93 4
394 105 4
394 137 4
394 172 5
394 287 4
394 310 4
394 334 4
395 5 4
395 21 4
395 23 4
395 49 4
395 55 4
395 58 4
395 63 4
395 102 4
395 123 4
395 124 4
395 161 4
395 193 4
395 211 4
395 223 4
395 268 4
395 330 4
395 339 4
395 352 4
396 5 4
396 23 4
396 49 4
396 55 4
396 58 4
396 63 4
396 102 4
396 123 4
396 124 4
396 161 4
396 193 4
396 211 4
396 223 4
396 268 4
396 330 4
396 339 4
396 352 4
397 25 4
397 224 4
397 296 4
397 357 4
398 21 4
398 33 4
398 60 4
398 96 4
398 151 5
398 254 4
398 277 4
398 311 4
398 332 4
399 21 4
399 33 4
399 60 4
399 96 4
399 151 5
399 254 4
399 277 4
399 311 4
399 332 4
400 250 4
400 276 4
401 5 4
401 28 4
401 30 4
401 35 4
401 38 4
401 60 4
401 69 4
401 103 4
401 106 4
401 124 4
401 145 4
401 164 4
401 175 4
401 186 4
401 197 4
401 235 4
401 240 4
401 256 4
401 267 4
401 292 4
401 325 4
401 343 5
401 347 4
401 357 4
402 5 4
402 35 4
402 45 4
402 96 4
402 113 4
402 117 4
402 127 5
402 156 4
402 250 4
402 287 4
402 300 4
402 341 5
402 355 4
402 357 4
403 33 4
403 69 4
403 112 5
403 164 4
403 196 4
403 217 4
403 235 4
403 301 4
403 334 4
404 0 4
404 3 4
404 5 4
404 21 4
404 23 4
404 25 4
404 26 4
404 38 4
404 45 4
404 51 4
404 58 4
404 61 4
404 63 4
404 65 4
404 74 4
404 102 4
404 111 4
404 124 4
404 126 4
404 145 4
404 148 4
404 164 4
404 184 5
404 189 4
404 193 4
404 195 4
404 207 4
404 223 4
404 250 4
404 286 4
404 289 4
404 292 4
404 300 4
404 310 4
404 337 4
404 351 4
405 21 4
405 26 4
405 33 4
405 67 4
405 86 4
405 148 4
405 217 4
405 240 4
405 251 4
405 259 4
405 263 4
405 287 4
405 300 4
405 318 4
405 330 4
405 356 4
406 0 4
406 2 4
406 4 4
406 5 4
406 7 4
406 14 4
406 23 4
406 69 4
406 74 4
406 85 5
406 93 4
406 105 4
406 111 4
406 112 5
406 114 4
406 148 4
406 151 5
406 156 4
406 162 4
406 165 4
406 172 5
406 174 4
406 175 4
406 181 4
406 196 4
406 197 4
406 223 4
406 257 4
406 293 4
406 330 4
406 332 4
406 333 4
406 339 4
407 49 4
407 50 4
407 55 4
407 67 4
407 156 4
407 164 4
407 184 5
407 198 4
407 218 4
407 288 4
407 328 4
407 334 4
407 365 6
407 368 6
407 481 6
407 482 6
407 483 6
408 0 4
408 5 4
408 38 4
408 42 5
408 47 4
408 69 4
408 93 4
408 102 4
408 103 4
408 105 4
408 110 4
408 111 4
408 112 5
408 113 4
408 123 4
408 132 4
408 151 5
408 207 4
408 217 4
408 266 4
408 287 4
408 292 4
408 301 4
408 332 4
408 334 4
409 0 4
409 5 4
409 33 4
409 47 4
409 64 4
409 65 4
409 96 4
409 111 4
409 184 5
409 191 4
409 197 4
409 250 4
409 284 4
409 287 4
409 288 4
409 330 4
409 332 4
409 337 4
409 347 4
410 217 4
410 259 4
411 217 4
411 259 4
412 0 4
412 5 4
412 74 4
412 85 5
412 93 4
412 99 4
412 102 4
412 113 4
412 166 4
412 175 4
412 184 5
412 193 4
412 207 4
412 217 4
412 240 4
412 259 4
412 288 4
412 330 4
412 347 4
413 0 4
413 5 4
413 74 4
413 85 5
413 93 4
413 99 4
413 102 4
413 113 4
413 166 4
413 175 4
413 184 5
413 193 4
413 207 4
413 217 4
413 240 4
413 259 4
413 288 4
413 330 4
413 347 4
414 96 4
414 112 5
414 164 4
414 165 4
414 168 4
414 181 4
414 191 4
414 213 4
414 223 4
414 249 4
414 330 4
415 33 4
415 73 4
415 87 4
415 211 4
415 250 4
415 307 4
416 63 4
416 343 5
417 0 4
417 5 4
417 74 4
417 85 5
417 93 4
417 99 4
417 102 4
417 113 4
417 166 4
417 175 4
417 184 5
417 193 4
417 207 4
417 217 4
417 240 4
417 259 4
417 288 4
417 330 4
417 347 4
418 33 4
418 297 4
419 25 4
419 43 5
419 82 4
419 85 5
419 93 4
419 105 4
419 112 5
419 148 4
419 217 4
419 251 4
419 301 4
419 302 5
419 332 4
419 357 4
420 5 4
420 7 4
420 21 4
420 25 4
420 33 4
420 35 4
420 46 4
420 63 4
420 74 4
420 93 4
420 105 4
420 114 4
420 124 4
420 126 4
420 151 5
420 171 4
420 190 4
420 217 4
420 254 4
420 259 4
420 266 4
420 292 4
420 297 4
420 300 4
420 328 4
420 346 4
420 351 4
420 357 4
421 5 4
421 7 4
421 21 4
421 25 4
421 33 4
421 35 4
421 46 4
421 63 4
421 74 4
421 93 4
421 105 4
421 114 4
421 124 4
421 126 4
421 151 5
421 171 4
421 190 4
421 217 4
421 254 4
421 259 4
421 266 4
421 292 4
421 297 4
421 300 4
421 328 4
421 346 4
421 351 4
421 357 4
422 5 4
422 7 4
422 21 4
422 25 4
422 33 4
422 35 4
422 46 4
422 63 4
422 74 4
422 93 4
422 105 4
422 114 4
422 124 4
422 126 4
422 151 5
422 171 4
422 190 4
422 217 4
422 245 5
422 254 4
422 259 4
422 266 4
422 292 4
422 297 4
422 300 4
422 316 5
422 328 4
422 340 5
422 346 4
422 351 4
422 357 4
423 0 4
423 5 4
423 33 4
423 37 4
423 65 4
423 69 4
423 85 5
423 93 4
423 96 4
423 99 4
423 124 4
423 132 4
423 172 5
423 174 4
423 181 4
423 189 4
423 197 4
423 212 4
423 266 4
423 276 4
423 296 4
423 297 4
423 311 4
423 325 4
423 332 4
423 335 4
423 337 4
423 343 5
423 351 4
424 1 4
424 4 4
424 5 4
424 26 4
424 35 4
424 45 4
424 63 4
424 64 4
424 69 4
424 96 4
424 98 4
424 112 5
424 153 4
424 188 5
424 189 4
424 191 4
424 210 4
424 211 4
424 217 4
424 240 4
424 255 4
424 288 4
424 294 5
424 295 5
424 297 4
424 299 5
424 300 4
424 303 5
424 309 4
424 326 5
424 332 4
424 335 4
424 347 4
424 349 4
425 1 4
425 4 4
425 5 4
425 26 4
425 35 4
425 45 4
425 63 4
425 64 4
425 69 4
425 89 5
425 96 4
425 98 4
425 112 5
425 153 4
425 189 4
425 191 4
425 210 4
425 211 4
425 217 4
425 240 4
425 255 4
425 288 4
425 294 5
425 295 5
425 297 4
425 299 5
425 300 4
425 309 4
425 326 5
425 332 4
425 335 4
425 341 5
425 343 5
425 347 4
425 349 4
426 1 4
426 4 4
426 5 4
426 26 4
426 35 4
426 45 4
426 63 4
426 64 4
426 69 4
426 96 4
426 98 4
426 112 5
426 153 4
426 189 4
426 191 4
426 210 4
426 211 4
426 217 4
426 240 4
426 255 4
426 288 4
426 297 4
426 299 5
426 300 4
426 309 4
426 332 4
426 335 4
426 347 4
426 349 4
427 1 4
427 4 4
427 5 4
427 26 4
427 35 4
427 45 4
427 63 4
427 64 4
427 69 4
427 96 4
427 98 4
427 112 5
427 153 4
427 189 4
427 191 4
427 210 4
427 211 4
427 217 4
427 240 4
427 255 4
427 288 4
427 297 4
427 299 5
427 300 4
427 309 4
427 332 4
427 335 4
427 347 4
427 349 4
428 25 4
428 33 4
428 35 4
428 47 4
428 63 4
428 85 5
428 96 4
428 102 4
428 107 4
428 111 4
428 123 4
428 137 4
428 207 4
428 221 4
428 250 4
428 292 4
428 297 4
428 332 4
428 334 4
428 335 4
429 0 4
429 15 4
429 33 4
429 45 4
429 57 4
429 74 4
429 96 4
429 103 4
429 107 4
429 111 4
429 137 4
429 156 4
429 176 4
429 196 4
429 214 4
429 240 4
429 254 4
429 256 4
429 259 4
429 287 4
429 289 4
429 292 4
430 33 4
430 87 4
430 189 4
430 217 4
430 284 4
430 335 4
431 35 4
431 74 4
431 181 4
432 33 4
432 55 4
432 99 4
432 148 4
432 156 4
432 189 4
432 197 4
432 333 4
432 334 4
433 33 4
433 55 4
433 99 4
433 148 4
433 156 4
433 189 4
433 197 4
433 333 4
433 334 4
434 33 4
434 42 5
434 87 4
434 102 4
434 259 4
434 266 4
435 25 4
435 156 4
436 61 4
436 344 4
437 49 4
437 93 4
437 164 4
437 241 4
437 255 4
437 330 4
438 93 4
438 164 4
438 241 4
438 255 4
438 330 4
439 69 4
439 133 4
439 137 4
439 161 4
439 189 4
439 196 4
439 240 4
439 256 4
439 286 4
439 287 4
439 293 4
439 334 4
440 5 4
440 7 4
440 21 4
440 25 4
440 33 4
440 35 4
440 46 4
440 63 4
440 74 4
440 93 4
440 105 4
440 114 4
440 124 4
440 126 4
440 151 5
440 171 4
440 190 4
440 217 4
440 254 4
440 259 4
440 266 4
440 292 4
440 297 4
440 300 4
440 328 4
440 346 4
440 351 4
440 357 4
441 33 4
441 49 4
441 82 4
441 147 5
441 154 5
441 197 4
441 219 5
441 250 4
441 296 4
441 340 5
442 33 4
442 49 4
442 82 4
442 154 5
442 197 4
442 250 4
442 296 4
443 0 4
443 5 4
443 17 5
443 31 4
443 34 4
443 35 4
443 36 4
443 47 4
443 69 4
443 71 4
443 79 5
443 85 5
443 105 4
443 106 4
443 111 4
443 112 5
443 116 4
443 131 4
443 146 5
443 191 4
443 196 4
443 209 5
443 223 4
443 229 5
443 261 5
443 268 4
443 288 4
443 308 5
443 314 5
443 330 4
443 351 4
444 0 4
444 21 4
444 33 4
444 38 4
444 55 4
444 63 4
444 69 4
444 73 4
444 93 4
444 96 4
444 99 4
444 101 4
444 103 4
444 124 4
444 132 4
444 145 4
444 148 4
444 156 4
444 161 4
444 167 4
444 181 4
444 189 4
444 197 4
444 217 4
444 256 4
444 257 4
444 259 4
444 292 4
444 332 4
444 334 4
445 0 4
445 12 5
445 21 4
445 33 4
445 38 4
445 43 5
445 55 4
445 63 4
445 69 4
445 73 4
445 77 5
445 83 5
445 93 4
445 96 4
445 99 4
445 101 4
445 103 4
445 124 4
445 132 4
445 143 5
445 145 4
445 148 4
445 156 4
445 161 4
445 167 4
445 181 4
445 189 4
445 197 4
445 208 5
445 217 4
445 226 5
445 256 4
445 257 4
445 259 4
445 274 5
445 278 5
445 292 4
445 294 5
445 303 5
445 306 5
445 308 5
445 313 5
445 316 5
445 332 4
445 334 4
446 21 4
446 26 4
446 33 4
446 67 4
446 86 4
446 148 4
446 217 4
446 240 4
446 251 4
446 259 4
446 263 4
446 287 4
446 300 4
446 318 4
446 330 4
446 356 4
447 0 4
447 38 4
447 47 4
447 66 4
447 69 4
447 111 4
447 181 4
447 190 4
447 191 4
447 196 4
447 197 4
447 235 4
447 242 4
447 248 4
447 266 4
447 289 4
447 297 4
447 300 4
447 301 4
447 303 5
447 347 4
447 351 4
448 0 4
448 38 4
448 47 4
448 66 4
448 69 4
448 111 4
448 181 4
448 190 4
448 191 4
448 196 4
448 197 4
448 235 4
448 242 4
448 248 4
448 266 4
448 289 4
448 297 4
448 300 4
448 301 4
448 347 4
448 351 4
449 71 4
449 332 4
450 5 4
450 15 4
450 21 4
450 47 4
450 62 4
450 64 4
450 65 4
450 74 4
450 78 4
450 87 4
450 93 4
450 96 4
450 111 4
450 135 4
450 137 4
450 156 4
450 161 4
450 164 4
450 166 4
450 191 4
450 193 4
450 197 4
450 248 4
450 277 4
450 287 4
450 307 4
450 330 4
450 332 4
450 335 4
450 344 4
450 347 4
450 351 4
450 352 4
451 5 4
451 25 4
451 33 4
451 38 4
451 45 4
451 74 4
451 87 4
451 157 4
451 164 4
451 170 4
451 240 4
451 250 4
451 252 4
451 259 4
451 289 4
451 296 4
451 307 4
451 332 4
451 335 4
452 38 4
452 172 5
452 175 4
452 310 4
452 325 4
452 334 4
452 351 4
452 357 4
453 0 4
453 19 4
453 25 4
453 33 4
453 35 4
453 45 4
453 47 4
453 78 4
453 111 4
453 113 4
453 132 4
453 135 4
453 153 4
453 163 4
453 164 4
453 197 4
453 207 4
453 233 4
453 240 4
453 299 5
453 300 4
453 334 4
453 351 4
454 0 4
454 5 4
454 33 4
454 37 4
454 65 4
454 69 4
454 85 5
454 93 4
454 96 4
454 99 4
454 124 4
454 132 4
454 172 5
454 174 4
454 181 4
454 189 4
454 197 4
454 212 4
454 266 4
454 276 4
454 296 4
454 297 4
454 311 4
454 325 4
454 332 4
454 335 4
454 337 4
454 343 5
454 351 4
455 0 4
455 5 4
455 33 4
455 37 4
455 65 4
455 69 4
455 85 5
455 93 4
455 96 4
455 99 4
455 124 4
455 132 4
455 172 5
455 174 4
455 181 4
455 189 4
455 197 4
455 212 4
455 266 4
455 276 4
455 296 4
455 297 4
455 311 4
455 325 4
455 332 4
455 335 4
455 337 4
455 343 5
455 351 4
456 105 4
456 156 4
456 184 5
456 197 4
456 242 4
456 281 4
456 297 4
456 303 5
456 310 4
456 330 4
456 331 4
456 332 4
456 333 4
457 25 4
458 5 4
458 9 5
458 21 4
458 45 4
458 47 4
458 55 4
458 63 4
458 73 4
458 93 4
458 105 4
458 137 4
458 156 4
458 163 4
458 172 5
458 207 4
458 221 4
458 233 4
458 240 4
458 287 4
458 310 4
458 328 4
458 332 4
458 334 4
459 61 4
459 164 4
459 181 4
459 184 5
459 300 4
459 333 4
459 357 4
460 61 4
460 344 4
461 0 4
461 1 4
461 5 4
461 8 4
461 21 4
461 35 4
461 38 4
461 47 4
461 69 4
461 87 4
461 99 4
461 104 4
461 113 4
461 124 4
461 125 4
461 137 4
461 145 4
461 151 5
461 156 4
461 170 4
461 175 4
461 186 4
461 191 4
461 207 4
461 210 4
461 217 4
461 233 4
461 250 4
461 254 4
461 277 4
461 287 4
461 297 4
461 300 4
461 332 4
461 337 4
461 347 4
461 352 4
462 72 4
462 111 4
462 190 4
462 271 4
462 300 4
462 332 4
463 49 4
463 55 4
463 69 4
463 73 4
463 132 4
463 146 5
463 151 5
463 190 4
463 210 4
463 259 4
463 287 4
463 289 4
463 292 4
464 0 4
464 35 4
464 39 4
464 69 4
464 105 4
464 124 4
464 229 5
464 256 4
464 289 4
464 300 4
464 302 5
464 332 4
464 337 4
465 5 4
465 14 4
465 64 4
465 93 4
465 189 4
465 322 4
465 347 4
466 35 4
466 61 4
466 64 4
466 112 5
466 217 4
466 242 4
466 251 4
466 301 4
466 302 5
466 334 4
467 35 4
467 61 4
467 64 4
467 112 5
467 217 4
467 242 4
467 251 4
467 301 4
467 302 5
467 334 4
468 58 4
468 99 4
468 148 4
468 189 4
468 217 4
468 284 4
468 332 4
469 5 4
469 16 4
469 61 4
469 86 4
469 113 4
469 239 4
469 286 4
469 288 4
470 0 4
470 5 4
470 42 5
470 60 4
470 67 4
470 69 4
470 74 4
470 82 4
470 87 4
470 93 4
470 96 4
470 101 4
470 102 4
470 103 4
470 113 4
470 131 4
470 132 4
470 145 4
470 153 4
470 161 4
470 165 4
470 172 5
470 181 4
470 197 4
470 207 4
470 244 4
470 265 4
470 293 4
470 310 4
470 318 4
470 330 4
470 332 4
470 350 5
471 0 4
471 5 4
471 42 5
471 60 4
471 67 4
471 69 4
471 74 4
471 82 4
471 85 5
471 87 4
471 93 4
471 96 4
471 101 4
471 102 4
471 103 4
471 113 4
471 131 4
471 132 4
471 145 4
471 153 4
471 161 4
471 165 4
471 172 5
471 181 4
471 197 4
471 207 4
471 244 4
471 265 4
471 293 4
471 310 4
471 318 4
471 330 4
471 332 4
471 350 5
472 6 4
472 19 4
472 21 4
472 61 4
472 69 4
472 76 5
472 79 5
472 90 5
472 123 4
472 124 4
472 125 4
472 127 5
472 145 4
472 155 4
472 156 4
472 164 4
472 167 4
472 172 5
472 191 4
472 198 4
472 203 5
472 206 5
472 211 4
472 219 5
472 220 5
472 229 5
472 240 4
472 249 4
472 256 4
472 265 4
472 274 5
472 278 5
472 279 5
472 284 4
472 287 4
472 306 5
472 346 4
472 347 4
473 2 4
473 6 4
473 9 5
473 15 4
473 19 4
473 28 4
473 30 4
473 35 4
473 42 5
473 66 4
473 73 4
473 102 4
473 103 4
473 108 4
473 110 4
473 123 4
473 136 4
473 175 4
473 223 4
473 235 4
473 256 4
473 265 4
473 282 4
473 296 4
473 297 4
473 325 4
473 330 4
473 343 5
473 357 4
474 0 4
474 6 4
474 15 4
474 26 4
474 33 4
474 38 4
474 46 4
474 55 4
474 65 4
474 67 4
474 69 4
474 71 4
474 85 5
474 86 4
474 96 4
474 146 5
474 175 4
474 181 4
474 189 4
474 193 4
474 196 4
474 197 4
474 211 4
474 263 4
474 276 4
474 316 5
474 356 4
475 0 4
475 6 4
475 15 4
475 26 4
475 33 4
475 38 4
475 46 4
475 55 4
475 65 4
475 67 4
475 69 4
475 71 4
475 85 5
475 86 4
475 96 4
475 175 4
475 181 4
475 189 4
475 193 4
475 196 4
475 197 4
475 211 4
475 263 4
475 276 4
475 356 4
476 0 4
476 1 4
476 5 4
476 17 5
476 21 4
476 35 4
476 38 4
476 87 4
476 99 4
476 103 4
476 111 4
476 113 4
476 137 4
476 145 4
476 148 4
476 151 5
476 156 4
476 161 4
476 162 4
476 175 4
476 186 4
476 191 4
476 192 4
476 207 4
476 233 4
476 250 4
476 259 4
476 277 4
476 287 4
476 300 4
476 332 4
476 347 4
476 352 4
476 357 4
477 0 4
477 1 4
477 5 4
477 17 5
477 21 4
477 35 4
477 38 4
477 85 5
477 87 4
477 99 4
477 103 4
477 111 4
477 113 4
477 137 4
477 145 4
477 148 4
477 151 5
477 156 4
477 161 4
477 162 4
477 175 4
477 186 4
477 191 4
477 192 4
477 207 4
477 233 4
477 250 4
477 259 4
477 277 4
477 287 4
477 300 4
477 332 4
477 347 4
477 352 4
477 357 4
478 71 4
478 73 4
478 112 5
479 233 4
479 339 4
480 2 4
480 21 4
480 33 4
480 74 4
480 117 4
480 123 4
480 126 4
480 233 4
480 248 4
480 252 4
480 277 4
480 332 4
480 351 4
481 3 4
481 5 4
481 21 4
481 33 4
481 49 4
481 50 4
481 51 4
481 94 5
481 96 4
481 102 4
481 112 5
481 114 4
481 137 4
481 148 4
481 156 4
481 160 4
481 176 4
481 189 4
481 191 4
481 192 4
481 212 4
481 218 4
481 244 4
481 249 4
481 250 4
481 266 4
481 307 4
481 310 4
481 324 4
481 330 4
481 351 4
482 3 4
482 5 4
482 21 4
482 33 4
482 49 4
482 50 4
482 51 4
482 85 5
482 94 5
482 96 4
482 102 4
482 112 5
482 114 4
482 134 5
482 137 4
482 141 5
482 146 5
482 148 4
482 156 4
482 160 4
482 176 4
482 178 5
482 189 4
482 191 4
482 192 4
482 208 5
482 212 4
482 218 4
482 244 4
482 249 4
482 250 4
482 266 4
482 307 4
482 310 4
482 316 5
482 324 4
482 330 4
482 351 4
482 359 5
482 365 6
482 368 6
482 481 6
483 3 4
483 5 4
483 21 4
483 33 4
483 49 4
483 50 4
483 51 4
483 94 5
483 96 4
483 102 4
483 112 5
483 114 4
483 137 4
483 148 4
483 156 4
483 160 4
483 176 4
483 189 4
483 191 4
483 192 4
483 212 4
483 218 4
483 244 4
483 249 4
483 250 4
483 266 4
483 307 4
483 310 4
483 324 4
483 330 4
483 351 4
483 365 6
483 368 6
483 481 6
483 482 6
484 25 4
484 26 4
484 33 4
484 69 4
484 71 4
484 73 4
484 96 4
484 99 4
484 105 4
484 125 4
484 135 4
484 136 4
484 145 4
484 160 4
484 181 4
484 248 4
484 277 4
484 292 4
484 303 5
484 310 4
484 334 4
484 343 5
484 349 4
484 356 4
484 357 4
485 0 4
485 26 4
485 35 4
485 63 4
485 69 4
485 78 4
485 99 4
485 114 4
485 132 4
485 156 4
485 164 4
485 166 4
485 172 5
485 207 4
485 217 4
485 240 4
485 256 4
485 259 4
485 300 4
485 330 4
485 332 4
485 345 4
485 347 4
486 0 4
486 26 4
486 35 4
486 63 4
486 69 4
486 78 4
486 99 4
486 114 4
486 132 4
486 156 4
486 164 4
486 166 4
486 172 5
486 207 4
486 217 4
486 240 4
486 256 4
486 259 4
486 300 4
486 330 4
486 332 4
486 345 4
486 347 4
487 0 4
487 33 4
487 37 4
487 72 4
487 74 4
487 85 5
487 86 4
487 93 4
487 106 4
487 171 4
487 174 4
487 189 4
487 197 4
487 217 4
487 311 4
487 332 4
487 337 4
487 350 5
487 351 4
488 0 4
488 33 4
488 37 4
488 72 4
488 74 4
488 85 5
488 86 4
488 93 4
488 106 4
488 171 4
488 174 4
488 189 4
488 197 4
488 217 4
488 311 4
488 332 4
488 337 4
488 350 5
488 351 4
489 0 4
489 33 4
489 37 4
489 72 4
489 74 4
489 85 5
489 86 4
489 93 4
489 96 4
489 102 4
489 106 4
489 171 4
489 174 4
489 181 4
489 189 4
489 190 4
489 197 4
489 217 4
489 277 4
489 311 4
489 332 4
489 337 4
489 350 5
489 351 4
489 356 4
490 0 4
490 33 4
490 37 4
490 72 4
490 74 4
490 85 5
490 86 4
490 93 4
490 106 4
490 171 4
490 174 4
490 189 4
490 197 4
490 217 4
490 311 4
490 332 4
490 337 4
490 350 5
490 351 4
491 2 4
491 5 4
491 25 4
491 28 4
491 35 4
491 37 4
491 45 4
491 63 4
491 66 4
491 87 4
491 103 4
491 117 4
491 123 4
491 132 4
491 136 4
491 181 4
491 191 4
491 197 4
491 201 4
491 218 4
491 235 4
491 240 4
491 241 4
491 244 4
491 249 4
491 288 4
491 292 4
491 335 4
491 355 4
492 2 4
492 5 4
492 25 4
492 28 4
492 35 4
492 37 4
492 45 4
492 63 4
492 66 4
492 87 4
492 103 4
492 117 4
492 123 4
492 132 4
492 136 4
492 181 4
492 191 4
492 197 4
492 201 4
492 218 4
492 235 4
492 240 4
492 241 4
492 244 4
492 249 4
492 288 4
492 292 4
492 335 4
492 355 4
493 5 4
493 25 4
493 28 4
493 35 4
493 37 4
493 42 5
493 63 4
493 66 4
493 87 4
493 103 4
493 117 4
493 123 4
493 132 4
493 136 4
493 191 4
493 197 4
493 201 4
493 218 4
493 235 4
493 240 4
493 241 4
493 244 4
493 249 4
493 288 4
493 292 4
493 316 5
493 335 4
493 355 4
494 2 4
494 5 4
494 25 4
494 28 4
494 35 4
494 37 4
494 45 4
494 63 4
494 66 4
494 87 4
494 103 4
494 117 4
494 123 4
494 132 4
494 136 4
494 181 4
494 191 4
494 197 4
494 201 4
494 218 4
494 235 4
494 240 4
494 241 4
494 244 4
494 249 4
494 288 4
494 292 4
494 335 4
494 355 4
495 2 4
495 5 4
495 25 4
495 28 4
495 35 4
495 37 4
495 45 4
495 63 4
495 66 4
495 87 4
495 103 4
495 117 4
495 123 4
495 132 4
495 136 4
495 181 4
495 191 4
495 197 4
495 201 4
495 218 4
495 235 4
495 240 4
495 241 4
495 244 4
495 249 4
495 288 4
495 292 4
495 335 4
495 355 4
496 42 5
496 69 4
496 105 4
496 137 4
496 197 4
496 276 4
496 277 4
496 307 4
497 2 4
497 6 4
497 15 4
497 19 4
497 28 4
497 30 4
497 35 4
497 42 5
497 66 4
497 73 4
497 102 4
497 103 4
497 108 4
497 110 4
497 123 4
497 136 4
497 175 4
497 223 4
497 235 4
497 256 4
497 265 4
497 282 4
497 296 4
497 297 4
497 325 4
497 330 4
497 343 5
497 357 4
498 16 4
498 33 4
498 45 4
498 63 4
498 65 4
498 69 4
498 93 4
498 151 5
498 153 4
498 171 4
498 184 5
498 240 4
498 332 4
498 343 5
498 355 4
499 16 4
499 33 4
499 45 4
499 63 4
499 65 4
499 69 4
499 93 4
499 151 5
499 153 4
499 171 4
499 184 5
499 240 4
499 332 4
499 343 5
499 355 4
500 271 4
500 301 4
501 16 4
501 67 4
501 82 4
501 102 4
501 179 4
501 248 4
501 250 4
501 256 4
501 296 4
501 331 4
502 0 4
502 5 4
502 23 4
502 26 4
502 39 4
502 45 4
502 55 4
502 61 4
502 73 4
502 135 4
502 156 4
502 160 4
502 161 4
502 175 4
502 181 4
502 210 4
502 212 4
502 233 4
502 283 4
502 285 4
502 296 4
502 297 4
502 310 4
502 337 4
502 343 5
503 124 4
503 156 4
503 334 4
504 38 4
504 50 4
504 172 5
504 357 4
504 365 6
504 368 6
504 481 6
504 482 6
504 483 6
505 49 4
505 96 4
505 103 4
505 170 4
505 196 4
505 240 4
505 267 4
505 328 4
505 334 4
506 0 4
506 19 4
506 72 4
506 123 4
506 187 4
506 197 4
506 297 4
506 299 5
506 343 5
507 0 4
507 2 4
507 4 4
507 5 4
507 21 4
507 33 4
507 63 4
507 71 4
507 74 4
507 85 5
507 93 4
507 99 4
507 102 4
507 105 4
507 108 4
507 151 5
507 156 4
507 170 4
507 172 5
507 174 4
507 181 4
507 190 4
507 197 4
507 207 4
507 235 4
507 257 4
507 276 4
507 297 4
507 300 4
507 304 4
507 334 4
507 352 4
508 8 4
508 23 4
508 96 4
508 103 4
508 113 4
508 161 4
508 172 5
508 276 4
508 288 4
508 300 4
509 47 4
509 105 4
509 156 4
509 189 4
509 250 4
510 113 4
510 114 4
510 187 4
510 207 4
510 223 4
510 235 4
510 288 4
510 300 4
510 310 4
511 19 4
511 113 4
511 114 4
511 187 4
511 207 4
511 223 4
511 235 4
511 250 4
511 288 4
511 300 4
511 310 4
512 25 4
512 105 4
512 196 4
512 207 4
512 223 4
512 252 4
512 300 4
512 310 4
512 330 4
512 332 4
512 343 5
512 351 4
513 16 4
513 63 4
513 67 4
513 82 4
513 102 4
513 179 4
513 248 4
513 250 4
513 256 4
513 296 4
513 307 4
513 331 4
514 2 4
514 6 4
514 15 4
514 19 4
514 28 4
514 30 4
514 35 4
514 42 5
514 66 4
514 73 4
514 102 4
514 103 4
514 108 4
514 110 4
514 123 4
514 136 4
514 175 4
514 223 4
514 235 4
514 256 4
514 265 4
514 282 4
514 296 4
514 297 4
514 325 4
514 330 4
514 343 5
514 357 4
515 2 4
515 6 4
515 15 4
515 19 4
515 28 4
515 30 4
515 35 4
515 42 5
515 66 4
515 73 4
515 102 4
515 103 4
515 108 4
515 110 4
515 123 4
515 136 4
515 175 4
515 223 4
515 235 4
515 256 4
515 265 4
515 282 4
515 296 4
515 297 4
515 325 4
515 330 4
515 343 5
515 357 4
516 0 4
516 2 4
516 21 4
516 26 4
516 35 4
516 42 5
516 43 5
516 113 4
516 161 4
516 193 4
516 196 4
516 211 4
516 296 4
516 301 4
516 347 4
516 352 4
517 5 4
517 33 4
517 47 4
517 163 4
517 189 4
517 210 4
517 223 4
518 47 4
518 49 4
518 63 4
518 93 4
518 124 4
518 197 4
518 210 4
518 297 4
518 303 5
518 330 4
519 0 4
519 33 4
519 37 4
519 72 4
519 74 4
519 85 5
519 86 4
519 93 4
519 106 4
519 171 4
519 174 4
519 189 4
519 197 4
519 217 4
519 311 4
519 332 4
519 337 4
519 350 5
519 351 4
520 0 4
520 33 4
520 37 4
520 72 4
520 74 4
520 85 5
520 86 4
520 93 4
520 106 4
520 171 4
520 174 4
520 189 4
520 197 4
520 217 4
520 311 4
520 332 4
520 337 4
520 350 5
520 351 4
521 5 4
521 14 4
521 15 4
521 21 4
521 26 4
521 32 4
521 42 5
521 43 5
521 103 4
521 113 4
521 151 5
521 196 4
521 210 4
521 211 4
521 242 4
521 256 4
521 296 4
521 321 4
521 337 4
521 347 4
521 349 4
521 352 4
521 356 4
522 14 4
522 33 4
522 163 4
522 170 4
522 184 5
522 197 4
522 321 4
523 43 5
523 137 4
523 223 4
523 240 4
523 266 4
524 43 5
524 137 4
524 223 4
524 240 4
524 266 4
525 0 4
525 38 4
525 78 4
525 137 4
525 154 5
526 5 4
526 23 4
526 61 4
526 103 4
526 217 4
526 334 4
526 351 4
527 66 4
527 69 4
528 5 4
528 55 4
528 78 4
528 103 4
528 161 4
528 250 4
528 300 4
528 334 4
528 335 4
529 25 4
529 26 4
529 33 4
529 69 4
529 71 4
529 73 4
529 96 4
529 99 4
529 105 4
529 125 4
529 135 4
529 136 4
529 145 4
529 160 4
529 181 4
529 248 4
529 277 4
529 292 4
529 303 5
529 310 4
529 334 4
529 343 5
529 349 4
529 356 4
529 357 4
530 21 4
530 49 4
530 74 4
530 96 4
530 102 4
530 132 4
530 148 4
530 164 4
530 296 4
530 333 4
531 10 4
531 33 4
531 85 5
531 105 4
531 112 5
531 126 4
531 172 5
531 187 4
531 196 4
531 252 4
531 332 4
531 336 4
531 351 4
532 5 4
532 33 4
532 45 4
532 47 4
532 93 4
532 96 4
532 145 4
532 210 4
532 250 4
532 343 5
533 6 4
533 25 4
533 26 4
533 38 4
533 61 4
533 66 4
533 105 4
533 113 4
533 137 4
533 211 4
533 223 4
533 256 4
533 296 4
533 297 4
533 321 4
533 332 4
533 339 4
533 357 4
534 5 4
534 55 4
534 63 4
534 69 4
534 161 4
534 197 4
534 300 4
534 332 4
534 334 4
534 335 4
535 37 4
535 300 4
535 310 4
535 337 4
536 5 4
536 7 4
536 21 4
536 25 4
536 33 4
536 35 4
536 46 4
536 63 4
536 74 4
536 93 4
536 105 4
536 114 4
536 124 4
536 126 4
536 151 5
536 171 4
536 190 4
536 217 4
536 254 4
536 259 4
536 266 4
536 292 4
536 297 4
536 300 4
536 328 4
536 346 4
536 351 4
536 357 4
537 102 4
537 117 4
537 123 4
537 189 4
537 288 4
537 300 4
537 332 4
538 0 4
538 38 4
538 47 4
538 66 4
538 69 4
538 111 4
538 181 4
538 190 4
538 191 4
538 196 4
538 197 4
538 235 4
538 242 4
538 248 4
538 266 4
538 289 4
538 297 4
538 300 4
538 301 4
538 303 5
538 347 4
538 351 4
539 0 4
539 26 4
539 35 4
539 63 4
539 69 4
539 78 4
539 99 4
539 114 4
539 132 4
539 156 4
539 164 4
539 166 4
539 172 5
539 207 4
539 217 4
539 240 4
539 256 4
539 259 4
539 300 4
539 330 4
539 332 4
539 345 4
539 347 4
540 103 4
541 2 4
541 223 4
541 235 4
541 307 4
542 33 4
542 65 4
542 66 4
542 74 4
542 87 4
542 93 4
542 124 4
542 184 5
542 201 4
542 242 4
542 277 4
542 325 4
542 332 4
542 337 4
543 19 4
543 113 4
543 114 4
543 187 4
543 207 4
543 223 4
543 235 4
543 250 4
543 288 4
543 300 4
543 310 4
544 19 4
544 113 4
544 114 4
544 187 4
544 207 4
544 223 4
544 235 4
544 250 4
544 288 4
544 300 4
544 310 4
545 5 4
545 25 4
545 66 4
545 181 4
545 300 4
545 318 4
545 333 4
545 351 4
546 0 4
546 26 4
546 63 4
546 69 4
546 78 4
546 99 4
546 114 4
546 132 4
546 146 5
546 156 4
546 164 4
546 166 4
546 240 4
546 259 4
546 260 5
546 261 5
546 332 4
546 345 4
546 347 4
547 45 4
547 50 4
547 69 4
547 93 4
547 96 4
547 105 4
547 113 4
547 176 4
547 197 4
547 232 4
547 259 4
547 287 4
547 293 4
547 310 4
547 328 4
547 332 4
547 352 4
547 357 4
547 365 6
547 368 6
547 481 6
547 482 6
547 483 6
548 223 4
548 250 4
548 256 4
548 282 4
548 304 4
549 93 4
549 164 4
549 172 5
549 211 4
549 224 4
549 250 4
549 299 5
549 332 4
549 334 4
550 38 4
550 45 4
550 61 4
550 69 4
550 102 4
551 297 4
552 150 5
552 297 4
553 250 4
554 21 4
554 38 4
554 47 4
554 62 4
554 96 4
554 103 4
554 105 4
554 125 4
554 148 4
554 172 5
554 176 4
554 197 4
554 301 4
554 334 4
554 356 4
554 357 4
555 17 5
555 25 4
555 26 4
555 33 4
555 61 4
555 62 4
555 69 4
555 102 4
555 105 4
555 148 4
555 189 4
555 263 4
556 2 4
556 23 4
556 25 4
556 28 4
556 37 4
556 45 4
556 63 4
556 66 4
556 68 4
556 87 4
556 105 4
556 148 4
556 181 4
556 184 5
556 211 4
556 235 4
556 251 4
556 259 4
556 300 4
556 301 4
556 307 4
556 330 4
556 335 4
557 35 4
557 64 4
557 69 4
557 148 4
557 276 4
557 332 4
557 339 4
558 5 4
558 7 4
558 21 4
558 25 4
558 33 4
558 35 4
558 46 4
558 63 4
558 74 4
558 93 4
558 105 4
558 114 4
558 124 4
558 126 4
558 151 5
558 171 4
558 190 4
558 217 4
558 254 4
558 259 4
558 266 4
558 292 4
558 297 4
558 300 4
558 328 4
558 346 4
558 351 4
558 357 4
559 37 4
560 148 4
560 187 4
560 250 4
560 277 4
560 332 4
561 33 4
561 35 4
561 46 4
561 105 4
561 114 4
561 254 4
561 297 4
562 25 4
563 21 4
563 32 4
563 33 4
563 38 4
563 45 4
563 63 4
563 65 4
563 93 4
563 106 4
563 145 4
563 155 4
563 165 4
563 191 4
563 198 4
563 212 4
563 223 4
563 240 4
563 251 4
563 256 4
563 277 4
563 287 4
563 310 4
563 337 4
563 350 5
564 0 4
564 5 4
564 33 4
564 37 4
564 65 4
564 69 4
564 85 5
564 93 4
564 96 4
564 99 4
564 124 4
564 132 4
564 172 5
564 174 4
564 181 4
564 189 4
564 197 4
564 212 4
564 266 4
564 276 4
564 296 4
564 297 4
564 311 4
564 325 4
564 332 4
564 335 4
564 337 4
564 343 5
564 351 4
565 0 4
565 33 4
565 37 4
565 72 4
565 74 4
565 85 5
565 86 4
565 93 4
565 106 4
565 171 4
565 174 4
565 189 4
565 197 4
565 217 4
565 311 4
565 332 4
565 337 4
565 350 5
565 351 4
566 93 4
566 299 5
566 334 4
567 28 4
567 69 4
567 100 4
567 102 4
567 156 4
567 172 5
567 223 4
567 337 4
568 26 4
568 38 4
568 58 4
568 63 4
568 64 4
568 117 4
568 133 4
568 161 4
568 163 4
568 251 4
568 297 4
568 300 4
568 334 4
568 343 5
568 345 4
569 296 4
569 297 4
569 301 4
569 330 4
570 105 4
570 156 4
570 184 5
570 197 4
570 242 4
570 281 4
570 297 4
570 303 5
570 310 4
570 330 4
570 331 4
570 332 4
570 333 4
571 0 4
571 19 4
571 25 4
571 33 4
571 35 4
571 45 4
571 47 4
571 78 4
571 111 4
571 113 4
571 132 4
571 135 4
571 153 4
571 163 4
571 164 4
571 197 4
571 207 4
571 233 4
571 240 4
571 299 5
571 300 4
571 334 4
571 351 4
572 6 4
572 14 4
572 21 4
572 42 5
572 43 5
572 62 4
572 69 4
572 71 4
572 93 4
572 101 4
572 156 4
572 181 4
572 243 4
572 250 4
572 256 4
572 289 4
572 299 5
572 301 4
572 310 4
572 330 4
572 332 4
572 351 4
572 352 4
573 153 4
573 161 4
573 337 4
574 2 4
574 21 4
574 23 4
574 57 4
574 150 5
574 169 5
574 189 4
574 219 5
574 220 5
574 277 4
574 282 4
574 303 5
574 311 4
574 332 4
574 340 5
575 73 4
576 0 4
576 5 4
576 28 4
576 102 4
576 223 4
576 310 4
576 357 4
577 0 4
577 116 4
577 137 4
577 156 4
577 168 4
577 224 4
577 233 4
577 296 4
577 331 4
578 50 4
578 365 6
578 368 6
578 481 6
578 482 6
578 483 6
579 33 4
579 38 4
579 74 4
579 85 5
579 96 4
579 112 5
579 286 4
580 0 4
580 5 4
580 21 4
580 38 4
580 48 4
580 69 4
580 85 5
580 87 4
580 96 4
580 97 5
580 102 4
580 124 4
580 125 4
580 136 4
580 145 4
580 161 4
580 172 5
580 184 5
580 197 4
580 210 4
580 223 4
580 240 4
580 243 4
580 248 4
580 249 4
580 251 4
580 264 5
580 275 5
580 277 4
580 289 4
580 303 5
580 331 4
580 332 4
580 335 4
580 340 5
581 2 4
581 6 4
581 15 4
581 19 4
581 28 4
581 30 4
581 35 4
581 42 5
581 66 4
581 73 4
581 102 4
581 103 4
581 108 4
581 110 4
581 123 4
581 136 4
581 175 4
581 208 5
581 223 4
581 235 4
581 256 4
581 265 4
581 282 4
581 296 4
581 297 4
581 325 4
581 330 4
581 343 5
581 357 4
582 2 4
582 6 4
582 15 4
582 19 4
582 28 4
582 30 4
582 35 4
582 42 5
582 66 4
582 73 4
582 102 4
582 103 4
582 108 4
582 110 4
582 123 4
582 136 4
582 175 4
582 223 4
582 235 4
582 256 4
582 265 4
582 282 4
582 296 4
582 297 4
582 325 4
582 330 4
582 343 5
582 357 4
583 0 4
583 5 4
583 9 5
583 33 4
583 37 4
583 65 4
583 69 4
583 85 5
583 93 4
583 96 4
583 99 4
583 124 4
583 132 4
583 172 5
583 174 4
583 181 4
583 189 4
583 197 4
583 212 4
583 266 4
583 276 4
583 296 4
583 297 4
583 311 4
583 325 4
583 332 4
583 335 4
583 337 4
583 343 5
583 351 4
584 0 4
584 15 4
584 33 4
584 57 4
584 63 4
584 65 4
584 85 5
584 96 4
584 103 4
584 107 4
584 111 4
584 123 4
584 137 4
584 214 4
584 254 4
584 256 4
584 284 4
584 287 4
584 289 4
584 297 4
584 335 4
584 343 5
585 136 4
585 170 4
586 136 4
586 170 4
